no              #fail
233.364         #totTm
24.439          #lastADTm
9               #itDAD
0.000           #avItADGoal
0               #itADOpt
22              #opt
22              #optDA-AD
7.471           #tmDA
0.0             #relGain

V = [1, 2, 3, 4, 5, 6, 7, 8, 9, 10, 11, 12, 13, 14, 15, 16, 17, 18, 19, 20, 21, 22, 23, 24, 25, 26, 27, 28, 29, 30, 31, 32, 33, 34, 35, 36, 37, 38, 39, 40]
A = [(1, 5), (5, 1), (1, 17), (17, 1), (2, 14), (14, 2), (2, 15), (15, 2), (2, 24), (24, 2), (2, 30), (30, 2), (3, 6), (6, 3), (3, 28), (28, 3), (4, 12), (12, 4), (4, 20), (20, 4), (5, 16), (16, 5), (5, 33), (33, 5), (6, 36), (36, 6), (7, 23), (23, 7), (8, 15), (15, 8), (9, 27), (27, 9), (10, 16), (16, 10), (10, 35), (35, 10), (12, 40), (40, 12), (13, 21), (21, 13), (13, 31), (31, 13), (14, 23), (23, 14), (15, 39), (39, 15), (17, 26), (26, 17), (18, 25), (25, 18), (18, 34), (34, 18), (19, 22), (22, 19), (20, 31), (31, 20), (22, 23), (23, 22), (22, 36), (36, 22), (23, 30), (30, 23), (23, 32), (32, 23), (24, 37), (37, 24), (25, 30), (30, 25), (27, 28), (28, 27), (28, 38), (38, 28), (29, 34), (34, 29), (30, 35), (35, 30), (33, 36), (36, 33)]
Z_dad = [2, 30, 36]
Y_dad = [5, 20, 28]
X_dad = [1]
Z_da-ad = [14, 30, 36]
Y_da-ad = [2, 5, 20]
X_da-ad = [1]
