no              #fail
319.443         #totTm
46.099          #lastADTm
13              #itDAD
0.000           #avItADGoal
0               #itADOpt
22              #opt
21              #optDA-AD
7.251           #tmDA
4.5             #relGain

V = [1, 2, 3, 4, 5, 6, 7, 8, 9, 10, 11, 12, 13, 14, 15, 16, 17, 18, 19, 20, 21, 22, 23, 24, 25, 26, 27, 28, 29, 30, 31, 32, 33, 34, 35, 36, 37, 38, 39, 40]
A = [(1, 14), (14, 1), (1, 36), (36, 1), (2, 37), (37, 2), (3, 9), (9, 3), (3, 17), (17, 3), (4, 25), (25, 4), (4, 33), (33, 4), (4, 35), (35, 4), (7, 9), (9, 7), (8, 39), (39, 8), (9, 19), (19, 9), (9, 33), (33, 9), (9, 38), (38, 9), (10, 17), (17, 10), (10, 38), (38, 10), (11, 13), (13, 11), (11, 25), (25, 11), (12, 32), (32, 12), (13, 37), (37, 13), (15, 16), (16, 15), (16, 32), (32, 16), (17, 27), (27, 17), (18, 25), (25, 18), (18, 33), (33, 18), (20, 30), (30, 20), (20, 39), (39, 20), (21, 23), (23, 21), (21, 29), (29, 21), (22, 33), (33, 22), (23, 31), (31, 23), (24, 31), (31, 24), (25, 36), (36, 25), (26, 28), (28, 26), (26, 38), (38, 26), (27, 39), (39, 27), (28, 29), (29, 28), (28, 33), (33, 28), (32, 39), (39, 32), (34, 37), (37, 34)]
Z_dad = [25, 33, 39]
Y_dad = [7, 23, 37]
X_dad = [13]
Z_da-ad = [25, 28, 39]
Y_da-ad = [9, 21, 37]
X_da-ad = [33]
