no              #fail
218.550         #totTm
34.039          #lastADTm
8               #itDAD
0.000           #avItADGoal
0               #itADOpt
23              #opt
23              #optDA-AD
5.056           #tmDA
0.0             #relGain

V = [1, 2, 3, 4, 5, 6, 7, 8, 9, 10, 11, 12, 13, 14, 15, 16, 17, 18, 19, 20, 21, 22, 23, 24, 25, 26, 27, 28, 29, 30, 31, 32, 33, 34, 35, 36, 37, 38, 39, 40]
A = [(2, 6), (6, 2), (2, 21), (21, 2), (2, 22), (22, 2), (2, 28), (28, 2), (3, 31), (31, 3), (3, 36), (36, 3), (4, 25), (25, 4), (4, 37), (37, 4), (5, 24), (24, 5), (5, 27), (27, 5), (6, 11), (11, 6), (6, 15), (15, 6), (6, 19), (19, 6), (7, 32), (32, 7), (8, 10), (10, 8), (8, 18), (18, 8), (8, 21), (21, 8), (9, 30), (30, 9), (11, 32), (32, 11), (13, 26), (26, 13), (14, 20), (20, 14), (14, 23), (23, 14), (15, 22), (22, 15), (16, 21), (21, 16), (16, 35), (35, 16), (16, 38), (38, 16), (16, 39), (39, 16), (20, 30), (30, 20), (21, 31), (31, 21), (21, 37), (37, 21), (22, 23), (23, 22), (22, 30), (30, 22), (22, 38), (38, 22), (23, 37), (37, 23), (24, 28), (28, 24), (24, 33), (33, 24), (29, 35), (35, 29), (29, 38), (38, 29), (30, 35), (35, 30)]
Z_dad = [21, 22, 30]
Y_dad = [4, 6, 39]
X_dad = [2]
Z_da-ad = [6, 21, 22]
Y_da-ad = [16, 24, 37]
X_da-ad = [5]
