no              #fail
306.490         #totTm
45.643          #lastADTm
13              #itDAD
0.000           #avItADGoal
0               #itADOpt
23              #opt
21              #optDA-AD
13.67           #tmDA
8.7             #relGain

V = [1, 2, 3, 4, 5, 6, 7, 8, 9, 10, 11, 12, 13, 14, 15, 16, 17, 18, 19, 20, 21, 22, 23, 24, 25, 26, 27, 28, 29, 30, 31, 32, 33, 34, 35, 36, 37, 38, 39, 40]
A = [(1, 3), (3, 1), (1, 4), (4, 1), (1, 5), (5, 1), (1, 36), (36, 1), (2, 16), (16, 2), (3, 15), (15, 3), (3, 17), (17, 3), (4, 34), (34, 4), (6, 23), (23, 6), (7, 38), (38, 7), (8, 29), (29, 8), (8, 38), (38, 8), (10, 16), (16, 10), (10, 33), (33, 10), (10, 36), (36, 10), (11, 15), (15, 11), (12, 23), (23, 12), (13, 22), (22, 13), (14, 23), (23, 14), (15, 22), (22, 15), (15, 33), (33, 15), (16, 39), (39, 16), (18, 29), (29, 18), (18, 30), (30, 18), (19, 24), (24, 19), (19, 32), (32, 19), (20, 34), (34, 20), (24, 34), (34, 24), (24, 36), (36, 24), (25, 29), (29, 25), (25, 30), (30, 25), (25, 38), (38, 25), (26, 29), (29, 26), (26, 40), (40, 26), (27, 32), (32, 27), (28, 38), (38, 28), (29, 31), (31, 29), (29, 35), (35, 29), (29, 36), (36, 29)]
Z_dad = [1, 24, 29]
Y_dad = [15, 23, 25]
X_dad = [33]
Z_da-ad = [1, 10, 29]
Y_da-ad = [15, 24, 38]
X_da-ad = [34]
