no              #fail
212.115         #totTm
38.934          #lastADTm
11              #itDAD
0.000           #avItADGoal
0               #itADOpt
21              #opt
20              #optDA-AD
6.537           #tmDA
4.8             #relGain

V = [1, 2, 3, 4, 5, 6, 7, 8, 9, 10, 11, 12, 13, 14, 15, 16, 17, 18, 19, 20, 21, 22, 23, 24, 25, 26, 27, 28, 29, 30, 31, 32, 33, 34, 35, 36, 37, 38, 39, 40]
A = [(1, 10), (10, 1), (3, 33), (33, 3), (4, 15), (15, 4), (4, 33), (33, 4), (4, 34), (34, 4), (5, 9), (9, 5), (5, 20), (20, 5), (5, 30), (30, 5), (6, 22), (22, 6), (6, 28), (28, 6), (8, 26), (26, 8), (9, 34), (34, 9), (10, 13), (13, 10), (10, 27), (27, 10), (10, 35), (35, 10), (11, 24), (24, 11), (11, 26), (26, 11), (11, 38), (38, 11), (12, 27), (27, 12), (12, 31), (31, 12), (12, 32), (32, 12), (12, 37), (37, 12), (13, 21), (21, 13), (14, 19), (19, 14), (14, 22), (22, 14), (14, 34), (34, 14), (15, 26), (26, 15), (16, 19), (19, 16), (16, 21), (21, 16), (17, 23), (23, 17), (18, 39), (39, 18), (19, 29), (29, 19), (20, 32), (32, 20), (20, 35), (35, 20), (22, 34), (34, 22), (23, 25), (25, 23), (25, 32), (32, 25), (33, 36), (36, 33), (36, 38), (38, 36)]
Z_dad = [10, 19, 32]
Y_dad = [5, 26, 27]
X_dad = [34]
Z_da-ad = [10, 32, 34]
Y_da-ad = [19, 30, 33]
X_da-ad = [14]
