no              #fail
191.639         #totTm
25.852          #lastADTm
10              #itDAD
0.000           #avItADGoal
0               #itADOpt
22              #opt
21              #optDA-AD
17.25           #tmDA
4.5             #relGain

V = [1, 2, 3, 4, 5, 6, 7, 8, 9, 10, 11, 12, 13, 14, 15, 16, 17, 18, 19, 20, 21, 22, 23, 24, 25, 26, 27, 28, 29, 30, 31, 32, 33, 34, 35, 36, 37, 38, 39, 40]
A = [(1, 17), (17, 1), (1, 24), (24, 1), (2, 39), (39, 2), (2, 40), (40, 2), (3, 7), (7, 3), (3, 20), (20, 3), (3, 30), (30, 3), (3, 33), (33, 3), (5, 20), (20, 5), (5, 26), (26, 5), (5, 29), (29, 5), (6, 31), (31, 6), (7, 26), (26, 7), (8, 23), (23, 8), (9, 35), (35, 9), (9, 36), (36, 9), (10, 20), (20, 10), (10, 33), (33, 10), (11, 19), (19, 11), (11, 21), (21, 11), (11, 36), (36, 11), (14, 23), (23, 14), (14, 34), (34, 14), (15, 23), (23, 15), (15, 35), (35, 15), (16, 34), (34, 16), (17, 21), (21, 17), (19, 35), (35, 19), (19, 38), (38, 19), (20, 37), (37, 20), (20, 40), (40, 20), (21, 37), (37, 21), (23, 29), (29, 23), (26, 27), (27, 26), (27, 30), (30, 27), (27, 37), (37, 27), (28, 38), (38, 28), (31, 32), (32, 31), (33, 37), (37, 33)]
Z_dad = [20, 23, 26]
Y_dad = [28, 30, 31]
X_dad = [21]
Z_da-ad = [20, 21, 23]
Y_da-ad = [19, 26, 31]
X_da-ad = [33]
