no              #fail
315.268         #totTm
30.742          #lastADTm
14              #itDAD
0.000           #avItADGoal
0               #itADOpt
20              #opt
19              #optDA-AD
5.441           #tmDA
5.0             #relGain

V = [1, 2, 3, 4, 5, 6, 7, 8, 9, 10, 11, 12, 13, 14, 15, 16, 17, 18, 19, 20, 21, 22, 23, 24, 25, 26, 27, 28, 29, 30, 31, 32, 33, 34, 35, 36, 37, 38, 39, 40]
A = [(1, 13), (13, 1), (1, 38), (38, 1), (3, 9), (9, 3), (3, 24), (24, 3), (3, 39), (39, 3), (5, 38), (38, 5), (6, 9), (9, 6), (7, 15), (15, 7), (8, 13), (13, 8), (8, 27), (27, 8), (9, 13), (13, 9), (9, 19), (19, 9), (10, 16), (16, 10), (10, 34), (34, 10), (11, 13), (13, 11), (11, 18), (18, 11), (12, 17), (17, 12), (14, 15), (15, 14), (14, 19), (19, 14), (15, 16), (16, 15), (15, 20), (20, 15), (15, 30), (30, 15), (17, 21), (21, 17), (17, 22), (22, 17), (17, 37), (37, 17), (19, 21), (21, 19), (19, 24), (24, 19), (19, 25), (25, 19), (19, 28), (28, 19), (20, 38), (38, 20), (21, 25), (25, 21), (21, 34), (34, 21), (22, 32), (32, 22), (22, 36), (36, 22), (23, 29), (29, 23), (24, 26), (26, 24), (26, 36), (36, 26), (26, 40), (40, 26), (28, 32), (32, 28)]
Z_dad = [13, 15, 17]
Y_dad = [1, 19, 27]
X_dad = [21]
Z_da-ad = [13, 15, 21]
Y_da-ad = [1, 10, 22]
X_da-ad = [38]
