no              #fail
178.237         #totTm
9.419           #lastADTm
18              #itDAD
0.000           #avItADGoal
0               #itADOpt
18              #opt
17              #optDA-AD
5.893           #tmDA
5.6             #relGain

V = [1, 2, 3, 4, 5, 6, 7, 8, 9, 10, 11, 12, 13, 14, 15, 16, 17, 18, 19, 20, 21, 22, 23, 24, 25, 26, 27, 28, 29, 30, 31, 32, 33, 34, 35, 36, 37, 38, 39, 40]
A = [(1, 21), (21, 1), (2, 36), (36, 2), (3, 9), (9, 3), (3, 11), (11, 3), (3, 31), (31, 3), (3, 32), (32, 3), (4, 24), (24, 4), (7, 18), (18, 7), (7, 29), (29, 7), (8, 9), (9, 8), (8, 12), (12, 8), (8, 15), (15, 8), (9, 29), (29, 9), (9, 30), (30, 9), (9, 34), (34, 9), (10, 12), (12, 10), (10, 20), (20, 10), (10, 36), (36, 10), (11, 29), (29, 11), (12, 39), (39, 12), (13, 20), (20, 13), (14, 35), (35, 14), (14, 39), (39, 14), (15, 23), (23, 15), (15, 24), (24, 15), (15, 36), (36, 15), (17, 27), (27, 17), (18, 19), (19, 18), (18, 24), (24, 18), (18, 35), (35, 18), (19, 30), (30, 19), (20, 29), (29, 20), (21, 27), (27, 21), (22, 29), (29, 22), (25, 31), (31, 25), (27, 33), (33, 27), (29, 40), (40, 29), (31, 33), (33, 31), (31, 37), (37, 31)]
Z_dad = [3, 15, 29]
Y_dad = [13, 24, 27]
X_dad = [33]
Z_da-ad = [9, 29, 31]
Y_da-ad = [3, 18, 21]
X_da-ad = [10]
