no              #fail
293.993         #totTm
45.530          #lastADTm
10              #itDAD
0.000           #avItADGoal
0               #itADOpt
24              #opt
23              #optDA-AD
2.639           #tmDA
4.2             #relGain

V = [1, 2, 3, 4, 5, 6, 7, 8, 9, 10, 11, 12, 13, 14, 15, 16, 17, 18, 19, 20, 21, 22, 23, 24, 25, 26, 27, 28, 29, 30, 31, 32, 33, 34, 35, 36, 37, 38, 39, 40]
A = [(1, 2), (2, 1), (2, 32), (32, 2), (3, 9), (9, 3), (3, 21), (21, 3), (3, 40), (40, 3), (4, 6), (6, 4), (4, 17), (17, 4), (4, 20), (20, 4), (4, 21), (21, 4), (5, 10), (10, 5), (5, 18), (18, 5), (5, 35), (35, 5), (6, 9), (9, 6), (7, 15), (15, 7), (7, 26), (26, 7), (8, 20), (20, 8), (9, 20), (20, 9), (9, 23), (23, 9), (9, 25), (25, 9), (11, 28), (28, 11), (12, 31), (31, 12), (14, 27), (27, 14), (14, 39), (39, 14), (16, 27), (27, 16), (17, 34), (34, 17), (17, 40), (40, 17), (18, 38), (38, 18), (19, 21), (21, 19), (19, 38), (38, 19), (20, 30), (30, 20), (21, 24), (24, 21), (22, 35), (35, 22), (23, 31), (31, 23), (24, 31), (31, 24), (29, 38), (38, 29), (30, 33), (33, 30), (31, 34), (34, 31), (34, 36), (36, 34), (34, 37), (37, 34)]
Z_dad = [4, 9, 34]
Y_dad = [5, 20, 24]
X_dad = [21]
Z_da-ad = [9, 17, 21]
Y_da-ad = [4, 18, 34]
X_da-ad = [31]
