no              #fail
250.806         #totTm
32.177          #lastADTm
12              #itDAD
0.000           #avItADGoal
0               #itADOpt
21              #opt
21              #optDA-AD
6.139           #tmDA
0.0             #relGain

V = [1, 2, 3, 4, 5, 6, 7, 8, 9, 10, 11, 12, 13, 14, 15, 16, 17, 18, 19, 20, 21, 22, 23, 24, 25, 26, 27, 28, 29, 30, 31, 32, 33, 34, 35, 36, 37, 38, 39, 40]
A = [(1, 15), (15, 1), (1, 35), (35, 1), (2, 37), (37, 2), (3, 14), (14, 3), (3, 28), (28, 3), (4, 19), (19, 4), (6, 11), (11, 6), (7, 40), (40, 7), (8, 29), (29, 8), (9, 17), (17, 9), (10, 28), (28, 10), (11, 31), (31, 11), (12, 21), (21, 12), (13, 19), (19, 13), (13, 31), (31, 13), (14, 34), (34, 14), (15, 19), (19, 15), (15, 20), (20, 15), (15, 40), (40, 15), (16, 17), (17, 16), (16, 30), (30, 16), (18, 28), (28, 18), (18, 31), (31, 18), (18, 40), (40, 18), (19, 34), (34, 19), (20, 37), (37, 20), (21, 22), (22, 21), (21, 28), (28, 21), (21, 32), (32, 21), (21, 40), (40, 21), (22, 35), (35, 22), (23, 40), (40, 23), (25, 27), (27, 25), (25, 30), (30, 25), (25, 36), (36, 25), (27, 38), (38, 27), (28, 38), (38, 28), (30, 32), (32, 30), (32, 36), (36, 32)]
Z_dad = [15, 21, 31]
Y_dad = [7, 16, 19]
X_dad = [28]
Z_da-ad = [15, 21, 28]
Y_da-ad = [20, 30, 31]
X_da-ad = [13]
