no              #fail
154.849         #totTm
36.106          #lastADTm
10              #itDAD
0.000           #avItADGoal
0               #itADOpt
24              #opt
24              #optDA-AD
11.31           #tmDA
0.0             #relGain

V = [1, 2, 3, 4, 5, 6, 7, 8, 9, 10, 11, 12, 13, 14, 15, 16, 17, 18, 19, 20, 21, 22, 23, 24, 25, 26, 27, 28, 29, 30, 31, 32, 33, 34, 35, 36, 37, 38, 39, 40]
A = [(1, 24), (24, 1), (1, 31), (31, 1), (2, 28), (28, 2), (2, 35), (35, 2), (3, 5), (5, 3), (3, 15), (15, 3), (3, 19), (19, 3), (3, 26), (26, 3), (4, 12), (12, 4), (4, 18), (18, 4), (5, 6), (6, 5), (5, 23), (23, 5), (5, 33), (33, 5), (6, 8), (8, 6), (6, 14), (14, 6), (7, 14), (14, 7), (8, 21), (21, 8), (11, 35), (35, 11), (12, 31), (31, 12), (13, 16), (16, 13), (13, 27), (27, 13), (13, 29), (29, 13), (14, 34), (34, 14), (14, 36), (36, 14), (15, 20), (20, 15), (16, 19), (19, 16), (16, 22), (22, 16), (16, 38), (38, 16), (19, 26), (26, 19), (20, 26), (26, 20), (21, 24), (24, 21), (21, 27), (27, 21), (23, 24), (24, 23), (23, 30), (30, 23), (25, 34), (34, 25), (26, 32), (32, 26), (30, 33), (33, 30), (30, 37), (37, 30), (35, 39), (39, 35)]
Z_dad = [6, 16, 24]
Y_dad = [3, 8, 31]
X_dad = [5]
Z_da-ad = [6, 16, 24]
Y_da-ad = [3, 8, 31]
X_da-ad = [5]
