no              #fail
315.777         #totTm
49.564          #lastADTm
18              #itDAD
0.000           #avItADGoal
0               #itADOpt
20              #opt
20              #optDA-AD
13.94           #tmDA
0.0             #relGain

V = [1, 2, 3, 4, 5, 6, 7, 8, 9, 10, 11, 12, 13, 14, 15, 16, 17, 18, 19, 20, 21, 22, 23, 24, 25, 26, 27, 28, 29, 30, 31, 32, 33, 34, 35, 36, 37, 38, 39, 40]
A = [(1, 6), (6, 1), (1, 25), (25, 1), (2, 11), (11, 2), (2, 23), (23, 2), (2, 38), (38, 2), (3, 26), (26, 3), (4, 8), (8, 4), (5, 23), (23, 5), (5, 24), (24, 5), (5, 39), (39, 5), (6, 9), (9, 6), (9, 34), (34, 9), (10, 13), (13, 10), (10, 26), (26, 10), (10, 37), (37, 10), (12, 15), (15, 12), (12, 40), (40, 12), (14, 16), (16, 14), (14, 27), (27, 14), (15, 21), (21, 15), (15, 27), (27, 15), (15, 28), (28, 15), (16, 19), (19, 16), (16, 34), (34, 16), (18, 20), (20, 18), (20, 31), (31, 20), (22, 29), (29, 22), (23, 25), (25, 23), (24, 39), (39, 24), (25, 35), (35, 25), (25, 39), (39, 25), (26, 30), (30, 26), (29, 39), (39, 29), (30, 32), (32, 30), (31, 33), (33, 31), (31, 38), (38, 31), (32, 33), (33, 32), (33, 38), (38, 33), (38, 40), (40, 38)]
Z_dad = [14, 25, 38]
Y_dad = [5, 16, 30]
X_dad = [32]
Z_da-ad = [14, 25, 38]
Y_da-ad = [5, 16, 30]
X_da-ad = [32]
