no              #fail
208.398         #totTm
25.877          #lastADTm
14              #itDAD
0.000           #avItADGoal
0               #itADOpt
20              #opt
19              #optDA-AD
5.915           #tmDA
5.0             #relGain

V = [1, 2, 3, 4, 5, 6, 7, 8, 9, 10, 11, 12, 13, 14, 15, 16, 17, 18, 19, 20, 21, 22, 23, 24, 25, 26, 27, 28, 29, 30, 31, 32, 33, 34, 35, 36, 37, 38, 39, 40]
A = [(1, 5), (5, 1), (4, 5), (5, 4), (4, 25), (25, 4), (5, 33), (33, 5), (5, 40), (40, 5), (6, 9), (9, 6), (6, 35), (35, 6), (6, 37), (37, 6), (7, 11), (11, 7), (8, 35), (35, 8), (9, 13), (13, 9), (9, 23), (23, 9), (9, 34), (34, 9), (10, 29), (29, 10), (10, 39), (39, 10), (12, 18), (18, 12), (13, 17), (17, 13), (13, 23), (23, 13), (15, 23), (23, 15), (15, 28), (28, 15), (15, 30), (30, 15), (16, 37), (37, 16), (18, 36), (36, 18), (19, 36), (36, 19), (20, 33), (33, 20), (21, 24), (24, 21), (21, 31), (31, 21), (22, 32), (32, 22), (22, 33), (33, 22), (23, 26), (26, 23), (24, 27), (27, 24), (24, 37), (37, 24), (26, 32), (32, 26), (26, 34), (34, 26), (26, 37), (37, 26), (27, 29), (29, 27), (29, 30), (30, 29), (30, 35), (35, 30), (32, 34), (34, 32)]
Z_dad = [9, 24, 30]
Y_dad = [25, 26, 27]
X_dad = [37]
Z_da-ad = [29, 33, 37]
Y_da-ad = [5, 18, 30]
X_da-ad = [36]
