no              #fail
178.681         #totTm
19.116          #lastADTm
13              #itDAD
0.000           #avItADGoal
0               #itADOpt
20              #opt
20              #optDA-AD
5.794           #tmDA
0.0             #relGain

V = [1, 2, 3, 4, 5, 6, 7, 8, 9, 10, 11, 12, 13, 14, 15, 16, 17, 18, 19, 20, 21, 22, 23, 24, 25, 26, 27, 28, 29, 30, 31, 32, 33, 34, 35, 36, 37, 38, 39, 40]
A = [(2, 9), (9, 2), (2, 20), (20, 2), (2, 31), (31, 2), (2, 35), (35, 2), (3, 39), (39, 3), (4, 29), (29, 4), (5, 37), (37, 5), (6, 8), (8, 6), (8, 19), (19, 8), (11, 15), (15, 11), (11, 34), (34, 11), (12, 34), (34, 12), (13, 20), (20, 13), (13, 28), (28, 13), (14, 24), (24, 14), (14, 35), (35, 14), (15, 21), (21, 15), (15, 23), (23, 15), (15, 34), (34, 15), (16, 23), (23, 16), (16, 35), (35, 16), (17, 25), (25, 17), (17, 39), (39, 17), (18, 23), (23, 18), (18, 34), (34, 18), (19, 24), (24, 19), (20, 25), (25, 20), (21, 28), (28, 21), (21, 29), (29, 21), (22, 25), (25, 22), (22, 29), (29, 22), (24, 37), (37, 24), (24, 38), (38, 24), (24, 40), (40, 24), (26, 34), (34, 26), (28, 31), (31, 28), (28, 40), (40, 28), (31, 40), (40, 31), (37, 39), (39, 37)]
Z_dad = [2, 24, 25]
Y_dad = [11, 17, 28]
X_dad = [39]
Z_da-ad = [21, 24, 25]
Y_da-ad = [12, 13, 39]
X_da-ad = [2]
