no              #fail
214.893         #totTm
71.366          #lastADTm
6               #itDAD
0.000           #avItADGoal
0               #itADOpt
24              #opt
23              #optDA-AD
14.62           #tmDA
4.2             #relGain

V = [1, 2, 3, 4, 5, 6, 7, 8, 9, 10, 11, 12, 13, 14, 15, 16, 17, 18, 19, 20, 21, 22, 23, 24, 25, 26, 27, 28, 29, 30, 31, 32, 33, 34, 35, 36, 37, 38, 39, 40]
A = [(3, 6), (6, 3), (3, 7), (7, 3), (3, 13), (13, 3), (3, 20), (20, 3), (3, 23), (23, 3), (3, 25), (25, 3), (3, 28), (28, 3), (3, 29), (29, 3), (4, 28), (28, 4), (4, 30), (30, 4), (6, 19), (19, 6), (8, 11), (11, 8), (8, 35), (35, 8), (9, 22), (22, 9), (9, 32), (32, 9), (10, 28), (28, 10), (10, 39), (39, 10), (10, 40), (40, 10), (11, 23), (23, 11), (11, 36), (36, 11), (12, 36), (36, 12), (14, 21), (21, 14), (14, 34), (34, 14), (15, 19), (19, 15), (15, 25), (25, 15), (16, 36), (36, 16), (17, 32), (32, 17), (18, 22), (22, 18), (18, 38), (38, 18), (18, 39), (39, 18), (20, 27), (27, 20), (22, 40), (40, 22), (24, 35), (35, 24), (25, 26), (26, 25), (25, 36), (36, 25), (26, 33), (33, 26), (28, 33), (33, 28), (28, 34), (34, 28), (28, 36), (36, 28)]
Z_dad = [3, 22, 28]
Y_dad = [9, 36, 39]
X_dad = [25]
Z_da-ad = [3, 28, 36]
Y_da-ad = [11, 22, 25]
X_da-ad = [8]
