no              #fail
188.487         #totTm
49.760          #lastADTm
6               #itDAD
0.000           #avItADGoal
0               #itADOpt
27              #opt
27              #optDA-AD
37.63           #tmDA
0.0             #relGain

V = [1, 2, 3, 4, 5, 6, 7, 8, 9, 10, 11, 12, 13, 14, 15, 16, 17, 18, 19, 20, 21, 22, 23, 24, 25, 26, 27, 28, 29, 30, 31, 32, 33, 34, 35, 36, 37, 38, 39, 40]
A = [(1, 36), (36, 1), (3, 11), (11, 3), (3, 18), (18, 3), (4, 19), (19, 4), (4, 35), (35, 4), (6, 10), (10, 6), (7, 11), (11, 7), (7, 13), (13, 7), (7, 22), (22, 7), (8, 14), (14, 8), (8, 15), (15, 8), (8, 22), (22, 8), (8, 33), (33, 8), (8, 38), (38, 8), (9, 23), (23, 9), (10, 22), (22, 10), (11, 37), (37, 11), (12, 35), (35, 12), (14, 20), (20, 14), (15, 30), (30, 15), (15, 31), (31, 15), (16, 30), (30, 16), (16, 33), (33, 16), (18, 31), (31, 18), (21, 29), (29, 21), (21, 30), (30, 21), (24, 38), (38, 24), (24, 40), (40, 24), (26, 30), (30, 26), (26, 31), (31, 26), (27, 38), (38, 27), (28, 31), (31, 28), (28, 36), (36, 28), (29, 31), (31, 29), (29, 33), (33, 29), (30, 31), (31, 30), (30, 34), (34, 30), (30, 39), (39, 30), (31, 32), (32, 31)]
Z_dad = [8, 30, 31]
Y_dad = [7, 19, 27]
X_dad = [11]
Z_da-ad = [8, 30, 31]
Y_da-ad = [7, 19, 27]
X_da-ad = [11]
