no              #fail
219.511         #totTm
42.627          #lastADTm
9               #itDAD
0.000           #avItADGoal
0               #itADOpt
23              #opt
58              #optDA-AD
4.774           #tmDA
-152.2          #relGain

V = [1, 2, 3, 4, 5, 6, 7, 8, 9, 10, 11, 12, 13, 14, 15, 16, 17, 18, 19, 20, 21, 22, 23, 24, 25, 26, 27, 28, 29, 30, 31, 32, 33, 34, 35, 36, 37, 38, 39, 40]
A = [(1, 34), (34, 1), (2, 5), (5, 2), (2, 20), (20, 2), (2, 21), (21, 2), (2, 32), (32, 2), (3, 37), (37, 3), (4, 14), (14, 4), (4, 37), (37, 4), (5, 6), (6, 5), (5, 28), (28, 5), (6, 11), (11, 6), (6, 14), (14, 6), (7, 28), (28, 7), (12, 20), (20, 12), (12, 38), (38, 12), (13, 18), (18, 13), (13, 28), (28, 13), (13, 29), (29, 13), (15, 16), (16, 15), (15, 34), (34, 15), (16, 35), (35, 16), (17, 36), (36, 17), (18, 22), (22, 18), (18, 23), (23, 18), (18, 29), (29, 18), (19, 29), (29, 19), (19, 33), (33, 19), (21, 34), (34, 21), (24, 38), (38, 24), (25, 27), (27, 25), (26, 34), (34, 26), (27, 39), (39, 27), (27, 40), (40, 27), (28, 32), (32, 28), (29, 30), (30, 29), (30, 36), (36, 30), (31, 35), (35, 31), (33, 38), (38, 33), (34, 40), (40, 34)]
Z_dad = [2, 29, 34]
Y_dad = [12, 15, 28]
X_dad = [5]
Z_da-ad = [2, 29, 34]
Y_da-ad = [12, 15, 28, 6, 9, 31]
X_da-ad = [5, 22, 26, 27]
