no              #fail
229.812         #totTm
19.662          #lastADTm
15              #itDAD
0.000           #avItADGoal
0               #itADOpt
20              #opt
18              #optDA-AD
5.548           #tmDA
10.0            #relGain

V = [1, 2, 3, 4, 5, 6, 7, 8, 9, 10, 11, 12, 13, 14, 15, 16, 17, 18, 19, 20, 21, 22, 23, 24, 25, 26, 27, 28, 29, 30, 31, 32, 33, 34, 35, 36, 37, 38, 39, 40]
A = [(2, 9), (9, 2), (2, 25), (25, 2), (2, 32), (32, 2), (4, 6), (6, 4), (4, 16), (16, 4), (5, 8), (8, 5), (5, 18), (18, 5), (5, 35), (35, 5), (6, 17), (17, 6), (6, 36), (36, 6), (7, 29), (29, 7), (8, 19), (19, 8), (8, 20), (20, 8), (8, 33), (33, 8), (9, 30), (30, 9), (10, 39), (39, 10), (11, 16), (16, 11), (11, 22), (22, 11), (12, 23), (23, 12), (13, 24), (24, 13), (13, 28), (28, 13), (13, 29), (29, 13), (14, 20), (20, 14), (17, 20), (20, 17), (17, 31), (31, 17), (18, 40), (40, 18), (19, 21), (21, 19), (20, 23), (23, 20), (20, 37), (37, 20), (21, 35), (35, 21), (23, 40), (40, 23), (24, 32), (32, 24), (25, 30), (30, 25), (25, 31), (31, 25), (25, 34), (34, 25), (26, 28), (28, 26), (30, 35), (35, 30), (30, 38), (38, 30), (32, 34), (34, 32)]
Z_dad = [13, 20, 30]
Y_dad = [2, 5, 11]
X_dad = [18]
Z_da-ad = [17, 30, 32]
Y_da-ad = [5, 13, 16]
X_da-ad = [20]
