no              #fail
12.951          #totTm
1.495           #lastADTm
6               #itDAD
0.000           #avItADGoal
0               #itADOpt
38              #opt
37              #optDA-AD
1.109           #tmDA
2.6             #relGain

V = [1, 2, 3, 4, 5, 6, 7, 8, 9, 10, 11, 12, 13, 14, 15, 16, 17, 18, 19, 20, 21, 22, 23, 24, 25, 26, 27, 28, 29, 30, 31, 32, 33, 34, 35, 36, 37, 38, 39, 40]
A = [(3, 5), (5, 3), (3, 28), (28, 3), (3, 32), (32, 3), (3, 39), (39, 3), (4, 17), (17, 4), (4, 23), (23, 4), (4, 34), (34, 4), (5, 22), (22, 5), (6, 24), (24, 6), (7, 10), (10, 7), (7, 14), (14, 7), (7, 26), (26, 7), (7, 39), (39, 7), (8, 32), (32, 8), (10, 24), (24, 10), (10, 33), (33, 10), (11, 12), (12, 11), (11, 31), (31, 11), (12, 26), (26, 12), (13, 15), (15, 13), (13, 19), (19, 13), (14, 28), (28, 14), (15, 26), (26, 15), (18, 30), (30, 18), (18, 34), (34, 18), (18, 38), (38, 18), (18, 40), (40, 18), (19, 24), (24, 19), (19, 38), (38, 19), (21, 30), (30, 21), (21, 31), (31, 21), (21, 33), (33, 21), (21, 37), (37, 21), (23, 26), (26, 23), (24, 40), (40, 24), (25, 37), (37, 25), (26, 32), (32, 26), (36, 37), (37, 36), (37, 39), (39, 37)]
Z_dad = [5, 18, 26]
Y_dad = [24]
X_dad = [6, 10, 19]
Z_da-ad = [10, 21, 26]
Y_da-ad = [3]
X_da-ad = [28, 32, 39]
