no              #fail
11.211          #totTm
0.901           #lastADTm
7               #itDAD
0.000           #avItADGoal
0               #itADOpt
39              #opt
38              #optDA-AD
1.131           #tmDA
2.6             #relGain

V = [1, 2, 3, 4, 5, 6, 7, 8, 9, 10, 11, 12, 13, 14, 15, 16, 17, 18, 19, 20, 21, 22, 23, 24, 25, 26, 27, 28, 29, 30, 31, 32, 33, 34, 35, 36, 37, 38, 39, 40]
A = [(1, 39), (39, 1), (2, 17), (17, 2), (2, 19), (19, 2), (2, 30), (30, 2), (3, 20), (20, 3), (3, 31), (31, 3), (3, 39), (39, 3), (4, 5), (5, 4), (4, 13), (13, 4), (4, 20), (20, 4), (4, 35), (35, 4), (5, 39), (39, 5), (6, 9), (9, 6), (6, 11), (11, 6), (6, 31), (31, 6), (7, 27), (27, 7), (7, 36), (36, 7), (7, 37), (37, 7), (8, 32), (32, 8), (8, 39), (39, 8), (9, 26), (26, 9), (11, 19), (19, 11), (11, 33), (33, 11), (13, 18), (18, 13), (13, 27), (27, 13), (13, 36), (36, 13), (14, 21), (21, 14), (16, 27), (27, 16), (16, 33), (33, 16), (17, 19), (19, 17), (17, 33), (33, 17), (20, 23), (23, 20), (20, 25), (25, 20), (22, 38), (38, 22), (23, 24), (24, 23), (27, 38), (38, 27), (32, 34), (34, 32), (33, 34), (34, 33), (36, 39), (39, 36)]
Z_dad = [4, 16, 39]
Y_dad = [1]
X_dad = []
Z_da-ad = [20, 33, 39]
Y_da-ad = [13]
X_da-ad = [4, 27, 36]
