no              #fail
8.544           #totTm
1.033           #lastADTm
5               #itDAD
0.000           #avItADGoal
0               #itADOpt
39              #opt
37              #optDA-AD
1.376           #tmDA
5.1             #relGain

V = [1, 2, 3, 4, 5, 6, 7, 8, 9, 10, 11, 12, 13, 14, 15, 16, 17, 18, 19, 20, 21, 22, 23, 24, 25, 26, 27, 28, 29, 30, 31, 32, 33, 34, 35, 36, 37, 38, 39, 40]
A = [(1, 6), (6, 1), (1, 8), (8, 1), (1, 12), (12, 1), (1, 28), (28, 1), (3, 6), (6, 3), (3, 14), (14, 3), (3, 22), (22, 3), (3, 34), (34, 3), (5, 6), (6, 5), (5, 9), (9, 5), (7, 27), (27, 7), (8, 10), (10, 8), (8, 13), (13, 8), (8, 24), (24, 8), (8, 32), (32, 8), (10, 18), (18, 10), (10, 26), (26, 10), (10, 30), (30, 10), (11, 27), (27, 11), (11, 34), (34, 11), (12, 18), (18, 12), (12, 31), (31, 12), (13, 27), (27, 13), (13, 34), (34, 13), (16, 26), (26, 16), (16, 34), (34, 16), (17, 24), (24, 17), (18, 30), (30, 18), (20, 29), (29, 20), (25, 37), (37, 25), (26, 28), (28, 26), (26, 35), (35, 26), (26, 39), (39, 26), (29, 35), (35, 29), (31, 33), (33, 31), (32, 35), (35, 32), (34, 36), (36, 34), (34, 40), (40, 34), (35, 40), (40, 35)]
Z_dad = [8, 26, 34]
Y_dad = [2]
X_dad = []
Z_da-ad = [3, 8, 26]
Y_da-ad = [34]
X_da-ad = [11, 13, 40]
