no              #fail
7.106           #totTm
1.142           #lastADTm
5               #itDAD
0.000           #avItADGoal
0               #itADOpt
39              #opt
38              #optDA-AD
1.102           #tmDA
2.6             #relGain

V = [1, 2, 3, 4, 5, 6, 7, 8, 9, 10, 11, 12, 13, 14, 15, 16, 17, 18, 19, 20, 21, 22, 23, 24, 25, 26, 27, 28, 29, 30, 31, 32, 33, 34, 35, 36, 37, 38, 39, 40]
A = [(1, 11), (11, 1), (2, 6), (6, 2), (2, 27), (27, 2), (3, 12), (12, 3), (3, 15), (15, 3), (4, 27), (27, 4), (5, 24), (24, 5), (5, 35), (35, 5), (6, 24), (24, 6), (7, 18), (18, 7), (7, 35), (35, 7), (8, 36), (36, 8), (9, 18), (18, 9), (9, 30), (30, 9), (10, 14), (14, 10), (10, 33), (33, 10), (11, 16), (16, 11), (11, 29), (29, 11), (12, 21), (21, 12), (12, 27), (27, 12), (13, 25), (25, 13), (14, 29), (29, 14), (15, 19), (19, 15), (16, 25), (25, 16), (17, 31), (31, 17), (18, 20), (20, 18), (18, 33), (33, 18), (18, 40), (40, 18), (19, 22), (22, 19), (24, 36), (36, 24), (25, 31), (31, 25), (28, 36), (36, 28), (29, 38), (38, 29), (31, 36), (36, 31), (33, 36), (36, 33), (33, 40), (40, 33), (34, 35), (35, 34), (34, 37), (37, 34), (34, 38), (38, 34)]
Z_dad = [8, 18, 36]
Y_dad = [20]
X_dad = []
Z_da-ad = [24, 29, 33]
Y_da-ad = [18]
X_da-ad = [7, 9, 40]
