no              #fail
7.453           #totTm
1.638           #lastADTm
5               #itDAD
0.000           #avItADGoal
0               #itADOpt
39              #opt
39              #optDA-AD
2.385           #tmDA
0.0             #relGain

V = [1, 2, 3, 4, 5, 6, 7, 8, 9, 10, 11, 12, 13, 14, 15, 16, 17, 18, 19, 20, 21, 22, 23, 24, 25, 26, 27, 28, 29, 30, 31, 32, 33, 34, 35, 36, 37, 38, 39, 40]
A = [(1, 20), (20, 1), (1, 37), (37, 1), (2, 7), (7, 2), (2, 11), (11, 2), (2, 16), (16, 2), (2, 37), (37, 2), (3, 5), (5, 3), (3, 11), (11, 3), (4, 20), (20, 4), (4, 34), (34, 4), (4, 35), (35, 4), (5, 30), (30, 5), (5, 38), (38, 5), (6, 30), (30, 6), (7, 18), (18, 7), (8, 22), (22, 8), (10, 22), (22, 10), (11, 32), (32, 11), (12, 34), (34, 12), (14, 17), (17, 14), (14, 27), (27, 14), (14, 36), (36, 14), (15, 19), (19, 15), (15, 26), (26, 15), (16, 18), (18, 16), (16, 35), (35, 16), (17, 29), (29, 17), (17, 39), (39, 17), (19, 32), (32, 19), (21, 40), (40, 21), (23, 24), (24, 23), (23, 34), (34, 23), (24, 36), (36, 24), (27, 28), (28, 27), (28, 32), (32, 28), (28, 34), (34, 28), (29, 33), (33, 29), (31, 34), (34, 31), (32, 39), (39, 32)]
Z_dad = [2, 32, 34]
Y_dad = [9]
X_dad = []
Z_da-ad = [11, 14, 34]
Y_da-ad = [9]
X_da-ad = []
