no              #fail
7.065           #totTm
1.434           #lastADTm
5               #itDAD
0.000           #avItADGoal
0               #itADOpt
39              #opt
39              #optDA-AD
1.597           #tmDA
0.0             #relGain

V = [1, 2, 3, 4, 5, 6, 7, 8, 9, 10, 11, 12, 13, 14, 15, 16, 17, 18, 19, 20, 21, 22, 23, 24, 25, 26, 27, 28, 29, 30, 31, 32, 33, 34, 35, 36, 37, 38, 39, 40]
A = [(1, 11), (11, 1), (2, 11), (11, 2), (3, 17), (17, 3), (3, 40), (40, 3), (4, 5), (5, 4), (4, 29), (29, 4), (5, 30), (30, 5), (6, 25), (25, 6), (7, 32), (32, 7), (8, 25), (25, 8), (9, 12), (12, 9), (9, 29), (29, 9), (9, 31), (31, 9), (9, 40), (40, 9), (10, 17), (17, 10), (11, 36), (36, 11), (15, 21), (21, 15), (15, 27), (27, 15), (16, 28), (28, 16), (16, 39), (39, 16), (17, 25), (25, 17), (17, 36), (36, 17), (18, 22), (22, 18), (18, 24), (24, 18), (19, 20), (20, 19), (19, 22), (22, 19), (19, 30), (30, 19), (21, 38), (38, 21), (22, 25), (25, 22), (22, 30), (30, 22), (23, 25), (25, 23), (23, 31), (31, 23), (24, 26), (26, 24), (24, 40), (40, 24), (27, 37), (37, 27), (30, 32), (32, 30), (30, 36), (36, 30), (30, 38), (38, 30), (37, 39), (39, 37)]
Z_dad = [9, 25, 30]
Y_dad = [6]
X_dad = []
Z_da-ad = [25, 30, 40]
Y_da-ad = [6]
X_da-ad = []
