no              #fail
6.358           #totTm
1.074           #lastADTm
5               #itDAD
0.000           #avItADGoal
0               #itADOpt
39              #opt
38              #optDA-AD
2.243           #tmDA
2.6             #relGain

V = [1, 2, 3, 4, 5, 6, 7, 8, 9, 10, 11, 12, 13, 14, 15, 16, 17, 18, 19, 20, 21, 22, 23, 24, 25, 26, 27, 28, 29, 30, 31, 32, 33, 34, 35, 36, 37, 38, 39, 40]
A = [(1, 8), (8, 1), (1, 32), (32, 1), (2, 28), (28, 2), (3, 39), (39, 3), (4, 14), (14, 4), (4, 17), (17, 4), (4, 39), (39, 4), (5, 39), (39, 5), (6, 34), (34, 6), (7, 9), (9, 7), (7, 17), (17, 7), (7, 19), (19, 7), (7, 20), (20, 7), (8, 38), (38, 8), (9, 12), (12, 9), (9, 19), (19, 9), (10, 19), (19, 10), (12, 34), (34, 12), (15, 24), (24, 15), (15, 33), (33, 15), (16, 17), (17, 16), (17, 20), (20, 17), (17, 22), (22, 17), (17, 23), (23, 17), (17, 38), (38, 17), (18, 27), (27, 18), (18, 31), (31, 18), (19, 29), (29, 19), (20, 32), (32, 20), (20, 34), (34, 20), (20, 35), (35, 20), (22, 36), (36, 22), (23, 28), (28, 23), (25, 33), (33, 25), (30, 40), (40, 30), (31, 36), (36, 31), (31, 37), (37, 31), (31, 38), (38, 31), (33, 38), (38, 33)]
Z_dad = [7, 17, 37]
Y_dad = [11]
X_dad = []
Z_da-ad = [17, 20, 38]
Y_da-ad = [19]
X_da-ad = [7, 9, 10]
