no              #fail
5.413           #totTm
1.093           #lastADTm
5               #itDAD
0.000           #avItADGoal
0               #itADOpt
39              #opt
39              #optDA-AD
1.76            #tmDA
0.0             #relGain

V = [1, 2, 3, 4, 5, 6, 7, 8, 9, 10, 11, 12, 13, 14, 15, 16, 17, 18, 19, 20, 21, 22, 23, 24, 25, 26, 27, 28, 29, 30, 31, 32, 33, 34, 35, 36, 37, 38, 39, 40]
A = [(1, 5), (5, 1), (1, 31), (31, 1), (1, 32), (32, 1), (2, 9), (9, 2), (2, 21), (21, 2), (2, 29), (29, 2), (2, 38), (38, 2), (3, 5), (5, 3), (3, 15), (15, 3), (3, 20), (20, 3), (3, 22), (22, 3), (3, 24), (24, 3), (4, 7), (7, 4), (4, 34), (34, 4), (5, 38), (38, 5), (6, 37), (37, 6), (8, 19), (19, 8), (8, 20), (20, 8), (9, 20), (20, 9), (10, 29), (29, 10), (13, 14), (14, 13), (13, 29), (29, 13), (13, 40), (40, 13), (14, 34), (34, 14), (15, 32), (32, 15), (15, 35), (35, 15), (16, 32), (32, 16), (17, 25), (25, 17), (17, 28), (28, 17), (17, 34), (34, 17), (19, 33), (33, 19), (22, 26), (26, 22), (24, 27), (27, 24), (25, 36), (36, 25), (30, 34), (34, 30), (30, 38), (38, 30), (32, 38), (38, 32), (35, 36), (36, 35), (37, 38), (38, 37)]
Z_dad = [3, 34, 38]
Y_dad = [11]
X_dad = []
Z_da-ad = [3, 34, 38]
Y_da-ad = [11]
X_da-ad = []
