no              #fail
6.336           #totTm
1.074           #lastADTm
5               #itDAD
0.000           #avItADGoal
0               #itADOpt
39              #opt
37              #optDA-AD
1.207           #tmDA
5.1             #relGain

V = [1, 2, 3, 4, 5, 6, 7, 8, 9, 10, 11, 12, 13, 14, 15, 16, 17, 18, 19, 20, 21, 22, 23, 24, 25, 26, 27, 28, 29, 30, 31, 32, 33, 34, 35, 36, 37, 38, 39, 40]
A = [(1, 6), (6, 1), (1, 7), (7, 1), (1, 13), (13, 1), (2, 17), (17, 2), (2, 40), (40, 2), (3, 14), (14, 3), (3, 23), (23, 3), (3, 34), (34, 3), (4, 9), (9, 4), (4, 37), (37, 4), (4, 39), (39, 4), (5, 9), (9, 5), (6, 7), (7, 6), (6, 13), (13, 6), (7, 18), (18, 7), (7, 21), (21, 7), (8, 11), (11, 8), (8, 25), (25, 8), (9, 21), (21, 9), (11, 15), (15, 11), (11, 24), (24, 11), (11, 30), (30, 11), (12, 40), (40, 12), (13, 15), (15, 13), (13, 26), (26, 13), (13, 28), (28, 13), (16, 30), (30, 16), (16, 33), (33, 16), (18, 37), (37, 18), (19, 20), (20, 19), (19, 21), (21, 19), (23, 35), (35, 23), (25, 40), (40, 25), (26, 36), (36, 26), (28, 39), (39, 28), (29, 37), (37, 29), (29, 38), (38, 29), (31, 35), (35, 31), (34, 35), (35, 34)]
Z_dad = [7, 11, 13]
Y_dad = [10]
X_dad = []
Z_da-ad = [4, 7, 11]
Y_da-ad = [13]
X_da-ad = [6, 26, 28]
