no              #fail
5.959           #totTm
1.099           #lastADTm
5               #itDAD
0.000           #avItADGoal
0               #itADOpt
39              #opt
38              #optDA-AD
2.157           #tmDA
2.6             #relGain

V = [1, 2, 3, 4, 5, 6, 7, 8, 9, 10, 11, 12, 13, 14, 15, 16, 17, 18, 19, 20, 21, 22, 23, 24, 25, 26, 27, 28, 29, 30, 31, 32, 33, 34, 35, 36, 37, 38, 39, 40]
A = [(2, 19), (19, 2), (2, 26), (26, 2), (3, 10), (10, 3), (3, 21), (21, 3), (3, 28), (28, 3), (3, 31), (31, 3), (3, 40), (40, 3), (4, 24), (24, 4), (5, 20), (20, 5), (6, 16), (16, 6), (6, 27), (27, 6), (6, 40), (40, 6), (7, 26), (26, 7), (7, 34), (34, 7), (8, 23), (23, 8), (8, 36), (36, 8), (10, 17), (17, 10), (10, 18), (18, 10), (10, 22), (22, 10), (10, 27), (27, 10), (10, 30), (30, 10), (10, 33), (33, 10), (12, 14), (14, 12), (12, 29), (29, 12), (13, 26), (26, 13), (14, 33), (33, 14), (15, 21), (21, 15), (15, 25), (25, 15), (16, 27), (27, 16), (17, 23), (23, 17), (20, 21), (21, 20), (20, 35), (35, 20), (21, 29), (29, 21), (21, 39), (39, 21), (23, 31), (31, 23), (24, 25), (25, 24), (26, 38), (38, 26), (28, 29), (29, 28), (31, 39), (39, 31)]
Z_dad = [10, 21, 26]
Y_dad = [1]
X_dad = []
Z_da-ad = [3, 10, 21]
Y_da-ad = [26]
X_da-ad = [2, 7, 13]
