no              #fail
5.958           #totTm
1.100           #lastADTm
5               #itDAD
0.000           #avItADGoal
0               #itADOpt
39              #opt
38              #optDA-AD
1.571           #tmDA
2.6             #relGain

V = [1, 2, 3, 4, 5, 6, 7, 8, 9, 10, 11, 12, 13, 14, 15, 16, 17, 18, 19, 20, 21, 22, 23, 24, 25, 26, 27, 28, 29, 30, 31, 32, 33, 34, 35, 36, 37, 38, 39, 40]
A = [(1, 8), (8, 1), (1, 24), (24, 1), (2, 29), (29, 2), (3, 8), (8, 3), (3, 32), (32, 3), (3, 39), (39, 3), (4, 5), (5, 4), (5, 25), (25, 5), (5, 37), (37, 5), (6, 27), (27, 6), (7, 12), (12, 7), (7, 17), (17, 7), (8, 19), (19, 8), (8, 22), (22, 8), (9, 32), (32, 9), (9, 39), (39, 9), (10, 11), (11, 10), (11, 24), (24, 11), (13, 21), (21, 13), (14, 18), (18, 14), (14, 28), (28, 14), (15, 24), (24, 15), (15, 26), (26, 15), (17, 24), (24, 17), (17, 40), (40, 17), (18, 20), (20, 18), (19, 24), (24, 19), (23, 38), (38, 23), (24, 37), (37, 24), (25, 30), (30, 25), (25, 37), (37, 25), (26, 39), (39, 26), (29, 34), (34, 29), (30, 32), (32, 30), (30, 37), (37, 30), (30, 40), (40, 30), (33, 35), (35, 33), (34, 39), (39, 34), (35, 36), (36, 35)]
Z_dad = [3, 24, 30]
Y_dad = [16]
X_dad = []
Z_da-ad = [24, 30, 39]
Y_da-ad = [8]
X_da-ad = [1, 3, 22]
