no              #fail
5.640           #totTm
0.950           #lastADTm
5               #itDAD
0.000           #avItADGoal
0               #itADOpt
39              #opt
38              #optDA-AD
2.493           #tmDA
2.6             #relGain

V = [1, 2, 3, 4, 5, 6, 7, 8, 9, 10, 11, 12, 13, 14, 15, 16, 17, 18, 19, 20, 21, 22, 23, 24, 25, 26, 27, 28, 29, 30, 31, 32, 33, 34, 35, 36, 37, 38, 39, 40]
A = [(1, 25), (25, 1), (2, 7), (7, 2), (2, 30), (30, 2), (3, 9), (9, 3), (6, 30), (30, 6), (8, 16), (16, 8), (8, 35), (35, 8), (8, 40), (40, 8), (9, 16), (16, 9), (9, 17), (17, 9), (9, 18), (18, 9), (9, 26), (26, 9), (11, 36), (36, 11), (13, 14), (14, 13), (14, 15), (15, 14), (14, 30), (30, 14), (15, 21), (21, 15), (15, 32), (32, 15), (15, 33), (33, 15), (16, 21), (21, 16), (16, 30), (30, 16), (16, 38), (38, 16), (17, 32), (32, 17), (17, 39), (39, 17), (18, 34), (34, 18), (19, 20), (20, 19), (19, 21), (21, 19), (19, 29), (29, 19), (19, 34), (34, 19), (20, 37), (37, 20), (21, 26), (26, 21), (23, 29), (29, 23), (23, 34), (34, 23), (24, 30), (30, 24), (26, 39), (39, 26), (29, 30), (30, 29), (29, 33), (33, 29), (35, 40), (40, 35), (36, 38), (38, 36)]
Z_dad = [9, 21, 30]
Y_dad = [3]
X_dad = []
Z_da-ad = [15, 16, 29]
Y_da-ad = [30]
X_da-ad = [2, 6, 14]
