no              #fail
6.209           #totTm
1.109           #lastADTm
5               #itDAD
0.000           #avItADGoal
0               #itADOpt
39              #opt
37              #optDA-AD
1.56            #tmDA
5.1             #relGain

V = [1, 2, 3, 4, 5, 6, 7, 8, 9, 10, 11, 12, 13, 14, 15, 16, 17, 18, 19, 20, 21, 22, 23, 24, 25, 26, 27, 28, 29, 30, 31, 32, 33, 34, 35, 36, 37, 38, 39, 40]
A = [(1, 34), (34, 1), (2, 8), (8, 2), (2, 21), (21, 2), (2, 27), (27, 2), (3, 22), (22, 3), (3, 23), (23, 3), (3, 29), (29, 3), (3, 39), (39, 3), (4, 17), (17, 4), (4, 30), (30, 4), (4, 40), (40, 4), (5, 28), (28, 5), (6, 30), (30, 6), (6, 31), (31, 6), (6, 37), (37, 6), (7, 22), (22, 7), (8, 25), (25, 8), (9, 24), (24, 9), (10, 34), (34, 10), (11, 19), (19, 11), (12, 29), (29, 12), (12, 40), (40, 12), (13, 19), (19, 13), (13, 22), (22, 13), (15, 36), (36, 15), (15, 40), (40, 15), (16, 39), (39, 16), (18, 31), (31, 18), (19, 24), (24, 19), (20, 35), (35, 20), (22, 33), (33, 22), (23, 33), (33, 23), (23, 36), (36, 23), (24, 27), (27, 24), (24, 34), (34, 24), (28, 38), (38, 28), (29, 31), (31, 29), (31, 39), (39, 31), (32, 37), (37, 32)]
Z_dad = [3, 24, 31]
Y_dad = [9]
X_dad = []
Z_da-ad = [19, 31, 40]
Y_da-ad = [3]
X_da-ad = [22, 23, 39]
