no              #fail
8.388           #totTm
1.421           #lastADTm
5               #itDAD
0.000           #avItADGoal
0               #itADOpt
39              #opt
39              #optDA-AD
1.212           #tmDA
0.0             #relGain

V = [1, 2, 3, 4, 5, 6, 7, 8, 9, 10, 11, 12, 13, 14, 15, 16, 17, 18, 19, 20, 21, 22, 23, 24, 25, 26, 27, 28, 29, 30, 31, 32, 33, 34, 35, 36, 37, 38, 39, 40]
A = [(1, 3), (3, 1), (1, 35), (35, 1), (2, 22), (22, 2), (4, 21), (21, 4), (4, 33), (33, 4), (5, 27), (27, 5), (6, 7), (7, 6), (6, 19), (19, 6), (6, 31), (31, 6), (7, 15), (15, 7), (8, 36), (36, 8), (9, 13), (13, 9), (9, 37), (37, 9), (10, 12), (12, 10), (10, 26), (26, 10), (10, 33), (33, 10), (11, 15), (15, 11), (12, 17), (17, 12), (12, 25), (25, 12), (13, 19), (19, 13), (13, 33), (33, 13), (15, 24), (24, 15), (19, 37), (37, 19), (20, 29), (29, 20), (21, 30), (30, 21), (22, 40), (40, 22), (23, 32), (32, 23), (24, 25), (25, 24), (24, 30), (30, 24), (24, 32), (32, 24), (25, 35), (35, 25), (26, 34), (34, 26), (28, 30), (30, 28), (28, 36), (36, 28), (29, 30), (30, 29), (29, 35), (35, 29), (31, 40), (40, 31), (32, 36), (36, 32), (35, 39), (39, 35)]
Z_dad = [14, 30, 35]
Y_dad = [16]
X_dad = []
Z_da-ad = [24, 33, 35]
Y_da-ad = [14]
X_da-ad = []
