no              #fail
6.669           #totTm
1.140           #lastADTm
5               #itDAD
0.000           #avItADGoal
0               #itADOpt
39              #opt
39              #optDA-AD
1.683           #tmDA
0.0             #relGain

V = [1, 2, 3, 4, 5, 6, 7, 8, 9, 10, 11, 12, 13, 14, 15, 16, 17, 18, 19, 20, 21, 22, 23, 24, 25, 26, 27, 28, 29, 30, 31, 32, 33, 34, 35, 36, 37, 38, 39, 40]
A = [(1, 2), (2, 1), (2, 19), (19, 2), (2, 22), (22, 2), (2, 25), (25, 2), (3, 14), (14, 3), (3, 34), (34, 3), (4, 11), (11, 4), (4, 14), (14, 4), (4, 21), (21, 4), (5, 8), (8, 5), (5, 26), (26, 5), (6, 35), (35, 6), (7, 36), (36, 7), (8, 15), (15, 8), (8, 24), (24, 8), (8, 26), (26, 8), (8, 27), (27, 8), (8, 37), (37, 8), (8, 39), (39, 8), (10, 24), (24, 10), (11, 27), (27, 11), (11, 31), (31, 11), (12, 30), (30, 12), (13, 38), (38, 13), (15, 29), (29, 15), (16, 26), (26, 16), (16, 31), (31, 16), (18, 19), (19, 18), (19, 21), (21, 19), (19, 31), (31, 19), (20, 21), (21, 20), (20, 28), (28, 20), (20, 33), (33, 20), (25, 29), (29, 25), (26, 39), (39, 26), (30, 38), (38, 30), (32, 36), (36, 32), (34, 35), (35, 34), (35, 38), (38, 35)]
Z_dad = [8, 9, 19]
Y_dad = [17]
X_dad = []
Z_da-ad = [4, 8, 19]
Y_da-ad = [9]
X_da-ad = []
