no              #fail
5.975           #totTm
1.031           #lastADTm
5               #itDAD
0.000           #avItADGoal
0               #itADOpt
39              #opt
39              #optDA-AD
1.042           #tmDA
0.0             #relGain

V = [1, 2, 3, 4, 5, 6, 7, 8, 9, 10, 11, 12, 13, 14, 15, 16, 17, 18, 19, 20, 21, 22, 23, 24, 25, 26, 27, 28, 29, 30, 31, 32, 33, 34, 35, 36, 37, 38, 39, 40]
A = [(1, 4), (4, 1), (1, 38), (38, 1), (3, 16), (16, 3), (4, 9), (9, 4), (4, 18), (18, 4), (4, 30), (30, 4), (4, 33), (33, 4), (5, 16), (16, 5), (5, 21), (21, 5), (5, 27), (27, 5), (7, 19), (19, 7), (8, 36), (36, 8), (9, 19), (19, 9), (9, 23), (23, 9), (9, 25), (25, 9), (10, 16), (16, 10), (12, 26), (26, 12), (12, 27), (27, 12), (13, 15), (15, 13), (13, 19), (19, 13), (14, 16), (16, 14), (14, 26), (26, 14), (14, 30), (30, 14), (14, 36), (36, 14), (14, 38), (38, 14), (15, 32), (32, 15), (15, 38), (38, 15), (18, 24), (24, 18), (18, 27), (27, 18), (20, 30), (30, 20), (20, 38), (38, 20), (21, 25), (25, 21), (21, 28), (28, 21), (23, 26), (26, 23), (23, 35), (35, 23), (26, 40), (40, 26), (28, 35), (35, 28), (28, 40), (40, 28), (31, 32), (32, 31)]
Z_dad = [4, 9, 14]
Y_dad = [2]
X_dad = []
Z_da-ad = [9, 14, 18]
Y_da-ad = [2]
X_da-ad = []
