no              #fail
9.721           #totTm
1.591           #lastADTm
5               #itDAD
0.000           #avItADGoal
0               #itADOpt
39              #opt
38              #optDA-AD
1.174           #tmDA
2.6             #relGain

V = [1, 2, 3, 4, 5, 6, 7, 8, 9, 10, 11, 12, 13, 14, 15, 16, 17, 18, 19, 20, 21, 22, 23, 24, 25, 26, 27, 28, 29, 30, 31, 32, 33, 34, 35, 36, 37, 38, 39, 40]
A = [(1, 3), (3, 1), (1, 10), (10, 1), (1, 20), (20, 1), (1, 26), (26, 1), (2, 12), (12, 2), (2, 17), (17, 2), (5, 25), (25, 5), (6, 32), (32, 6), (7, 28), (28, 7), (9, 31), (31, 9), (9, 35), (35, 9), (9, 39), (39, 9), (10, 23), (23, 10), (10, 29), (29, 10), (10, 37), (37, 10), (11, 39), (39, 11), (12, 28), (28, 12), (13, 34), (34, 13), (14, 16), (16, 14), (14, 23), (23, 14), (14, 38), (38, 14), (15, 18), (18, 15), (15, 21), (21, 15), (15, 22), (22, 15), (15, 33), (33, 15), (17, 26), (26, 17), (17, 30), (30, 17), (17, 33), (33, 17), (18, 34), (34, 18), (19, 31), (31, 19), (19, 36), (36, 19), (20, 25), (25, 20), (20, 32), (32, 20), (23, 24), (24, 23), (24, 40), (40, 24), (25, 31), (31, 25), (34, 36), (36, 34), (34, 39), (39, 34), (34, 40), (40, 34)]
Z_dad = [1, 33, 34]
Y_dad = [3]
X_dad = []
Z_da-ad = [20, 26, 34]
Y_da-ad = [15]
X_da-ad = [21, 22, 33]
