no              #fail
6.432           #totTm
1.101           #lastADTm
5               #itDAD
0.000           #avItADGoal
0               #itADOpt
39              #opt
39              #optDA-AD
1.354           #tmDA
0.0             #relGain

V = [1, 2, 3, 4, 5, 6, 7, 8, 9, 10, 11, 12, 13, 14, 15, 16, 17, 18, 19, 20, 21, 22, 23, 24, 25, 26, 27, 28, 29, 30, 31, 32, 33, 34, 35, 36, 37, 38, 39, 40]
A = [(1, 16), (16, 1), (1, 34), (34, 1), (4, 38), (38, 4), (5, 7), (7, 5), (5, 18), (18, 5), (5, 32), (32, 5), (5, 35), (35, 5), (6, 30), (30, 6), (7, 20), (20, 7), (7, 24), (24, 7), (7, 26), (26, 7), (7, 35), (35, 7), (8, 12), (12, 8), (9, 12), (12, 9), (10, 13), (13, 10), (10, 30), (30, 10), (10, 37), (37, 10), (11, 26), (26, 11), (12, 40), (40, 12), (14, 18), (18, 14), (14, 24), (24, 14), (14, 38), (38, 14), (15, 17), (17, 15), (15, 24), (24, 15), (15, 31), (31, 15), (16, 27), (27, 16), (20, 25), (25, 20), (21, 30), (30, 21), (22, 24), (24, 22), (22, 29), (29, 22), (22, 31), (31, 22), (26, 33), (33, 26), (28, 37), (37, 28), (32, 35), (35, 32), (32, 39), (39, 32), (33, 39), (39, 33), (34, 36), (36, 34), (34, 37), (37, 34), (36, 40), (40, 36)]
Z_dad = [2, 3, 7]
Y_dad = [19]
X_dad = []
Z_da-ad = [7, 14, 34]
Y_da-ad = [2]
X_da-ad = []
