no              #fail
6.920           #totTm
1.032           #lastADTm
5               #itDAD
0.000           #avItADGoal
0               #itADOpt
39              #opt
39              #optDA-AD
1.691           #tmDA
0.0             #relGain

V = [1, 2, 3, 4, 5, 6, 7, 8, 9, 10, 11, 12, 13, 14, 15, 16, 17, 18, 19, 20, 21, 22, 23, 24, 25, 26, 27, 28, 29, 30, 31, 32, 33, 34, 35, 36, 37, 38, 39, 40]
A = [(1, 3), (3, 1), (1, 27), (27, 1), (2, 8), (8, 2), (2, 19), (19, 2), (4, 8), (8, 4), (4, 34), (34, 4), (5, 22), (22, 5), (5, 35), (35, 5), (6, 13), (13, 6), (7, 35), (35, 7), (8, 21), (21, 8), (9, 12), (12, 9), (9, 33), (33, 9), (10, 20), (20, 10), (10, 37), (37, 10), (11, 15), (15, 11), (12, 20), (20, 12), (13, 39), (39, 13), (14, 34), (34, 14), (15, 27), (27, 15), (15, 28), (28, 15), (15, 33), (33, 15), (15, 34), (34, 15), (16, 25), (25, 16), (16, 32), (32, 16), (16, 39), (39, 16), (17, 18), (18, 17), (17, 19), (19, 17), (17, 29), (29, 17), (18, 22), (22, 18), (18, 30), (30, 18), (18, 33), (33, 18), (19, 40), (40, 19), (20, 36), (36, 20), (21, 23), (23, 21), (22, 38), (38, 22), (26, 28), (28, 26), (28, 37), (37, 28), (35, 38), (38, 35)]
Z_dad = [11, 15, 18]
Y_dad = [24]
X_dad = []
Z_da-ad = [8, 15, 18]
Y_da-ad = [11]
X_da-ad = []
