no              #fail
12.063          #totTm
0.999           #lastADTm
8               #itDAD
0.000           #avItADGoal
0               #itADOpt
38              #opt
38              #optDA-AD
1.279           #tmDA
0.0             #relGain

V = [1, 2, 3, 4, 5, 6, 7, 8, 9, 10, 11, 12, 13, 14, 15, 16, 17, 18, 19, 20, 21, 22, 23, 24, 25, 26, 27, 28, 29, 30, 31, 32, 33, 34, 35, 36, 37, 38, 39, 40]
A = [(1, 12), (12, 1), (1, 17), (17, 1), (1, 20), (20, 1), (1, 23), (23, 1), (2, 3), (3, 2), (2, 34), (34, 2), (4, 11), (11, 4), (4, 30), (30, 4), (4, 38), (38, 4), (10, 32), (32, 10), (11, 18), (18, 11), (11, 36), (36, 11), (13, 19), (19, 13), (13, 36), (36, 13), (14, 26), (26, 14), (15, 38), (38, 15), (16, 39), (39, 16), (17, 23), (23, 17), (17, 27), (27, 17), (17, 30), (30, 17), (17, 34), (34, 17), (18, 20), (20, 18), (18, 30), (30, 18), (19, 30), (30, 19), (19, 32), (32, 19), (19, 39), (39, 19), (20, 24), (24, 20), (20, 30), (30, 20), (21, 39), (39, 21), (23, 28), (28, 23), (23, 37), (37, 23), (24, 26), (26, 24), (25, 39), (39, 25), (26, 31), (31, 26), (26, 34), (34, 26), (27, 35), (35, 27), (34, 36), (36, 34), (35, 37), (37, 35), (36, 40), (40, 36)]
Z_dad = [17, 19, 24]
Y_dad = [36]
X_dad = [11, 13, 34]
Z_da-ad = [18, 30, 34]
Y_da-ad = [1]
X_da-ad = [17, 20, 23]
