no              #fail
15.266          #totTm
2.148           #lastADTm
6               #itDAD
0.000           #avItADGoal
0               #itADOpt
17              #opt
17              #optDA-AD
2.8             #tmDA
0.0             #relGain

V = [1, 2, 3, 4, 5, 6, 7, 8, 9, 10, 11, 12, 13, 14, 15, 16, 17, 18, 19, 20]
A = [(2, 19), (19, 2), (3, 17), (17, 3), (4, 9), (9, 4), (4, 10), (10, 4), (4, 17), (17, 4), (6, 8), (8, 6), (6, 13), (13, 6), (11, 20), (20, 11), (14, 17), (17, 14)]
Z_dad = [4, 17]
Y_dad = [6, 11]
X_dad = [8, 13]
Z_da-ad = [4, 17]
Y_da-ad = [6, 11]
X_da-ad = [8, 13]
