no              #fail
14.388          #totTm
2.379           #lastADTm
6               #itDAD
0.000           #avItADGoal
0               #itADOpt
17              #opt
17              #optDA-AD
2.273           #tmDA
0.0             #relGain

V = [1, 2, 3, 4, 5, 6, 7, 8, 9, 10, 11, 12, 13, 14, 15, 16, 17, 18, 19, 20]
A = [(4, 12), (12, 4), (4, 19), (19, 4), (6, 10), (10, 6), (6, 17), (17, 6), (8, 16), (16, 8), (10, 16), (16, 10), (11, 18), (18, 11), (11, 19), (19, 11), (12, 15), (15, 12)]
Z_dad = [10, 11]
Y_dad = [4, 17]
X_dad = [6, 12]
Z_da-ad = [4, 10]
Y_da-ad = [11, 15]
X_da-ad = [12, 18]
