no              #fail
15.647          #totTm
2.728           #lastADTm
6               #itDAD
0.000           #avItADGoal
0               #itADOpt
17              #opt
17              #optDA-AD
2.058           #tmDA
0.0             #relGain

V = [1, 2, 3, 4, 5, 6, 7, 8, 9, 10, 11, 12, 13, 14, 15, 16, 17, 18, 19, 20]
A = [(1, 18), (18, 1), (2, 6), (6, 2), (2, 18), (18, 2), (5, 13), (13, 5), (5, 19), (19, 5), (6, 12), (12, 6), (6, 16), (16, 6), (8, 13), (13, 8), (9, 11), (11, 9)]
Z_dad = [2, 6]
Y_dad = [11, 13]
X_dad = [5, 9]
Z_da-ad = [2, 13]
Y_da-ad = [6, 9]
X_da-ad = [11, 16]
