no              #fail
15.867          #totTm
2.523           #lastADTm
7               #itDAD
0.000           #avItADGoal
0               #itADOpt
17              #opt
17              #optDA-AD
1.854           #tmDA
0.0             #relGain

V = [1, 2, 3, 4, 5, 6, 7, 8, 9, 10, 11, 12, 13, 14, 15, 16, 17, 18, 19, 20]
A = [(1, 6), (6, 1), (1, 18), (18, 1), (5, 13), (13, 5), (6, 14), (14, 6), (7, 17), (17, 7), (11, 18), (18, 11), (12, 14), (14, 12), (13, 16), (16, 13), (13, 18), (18, 13)]
Z_dad = [13, 14]
Y_dad = [1, 17]
X_dad = [7, 18]
Z_da-ad = [1, 13]
Y_da-ad = [14, 17]
X_da-ad = [6, 7]
