no              #fail
15.949          #totTm
3.050           #lastADTm
5               #itDAD
0.000           #avItADGoal
0               #itADOpt
18              #opt
18              #optDA-AD
2.868           #tmDA
0.0             #relGain

V = [1, 2, 3, 4, 5, 6, 7, 8, 9, 10, 11, 12, 13, 14, 15, 16, 17, 18, 19, 20]
A = [(1, 10), (10, 1), (3, 12), (12, 3), (4, 8), (8, 4), (4, 11), (11, 4), (5, 13), (13, 5), (5, 14), (14, 5), (9, 16), (16, 9), (11, 12), (12, 11), (18, 20), (20, 18)]
Z_dad = [5, 11]
Y_dad = [2, 6]
X_dad = []
Z_da-ad = [5, 11]
Y_da-ad = [2, 6]
X_da-ad = []
