no              #fail
18.262          #totTm
2.878           #lastADTm
7               #itDAD
0.000           #avItADGoal
0               #itADOpt
17              #opt
17              #optDA-AD
3.084           #tmDA
0.0             #relGain

V = [1, 2, 3, 4, 5, 6, 7, 8, 9, 10, 11, 12, 13, 14, 15, 16, 17, 18, 19, 20]
A = [(1, 3), (3, 1), (1, 8), (8, 1), (4, 9), (9, 4), (4, 17), (17, 4), (5, 7), (7, 5), (7, 20), (20, 7), (9, 17), (17, 9), (12, 16), (16, 12), (17, 18), (18, 17)]
Z_dad = [5, 17]
Y_dad = [1, 9]
X_dad = [3, 4]
Z_da-ad = [7, 17]
Y_da-ad = [1, 9]
X_da-ad = [3, 4]
