no              #fail
14.918          #totTm
3.058           #lastADTm
5               #itDAD
0.000           #avItADGoal
0               #itADOpt
18              #opt
18              #optDA-AD
2.581           #tmDA
0.0             #relGain

V = [1, 2, 3, 4, 5, 6, 7, 8, 9, 10, 11, 12, 13, 14, 15, 16, 17, 18, 19, 20]
A = [(1, 3), (3, 1), (1, 7), (7, 1), (1, 18), (18, 1), (2, 19), (19, 2), (3, 19), (19, 3), (4, 11), (11, 4), (5, 17), (17, 5), (9, 10), (10, 9), (16, 20), (20, 16)]
Z_dad = [1, 19]
Y_dad = [2, 3]
X_dad = []
Z_da-ad = [1, 19]
Y_da-ad = [2, 3]
X_da-ad = []
