no              #fail
18.643          #totTm
2.355           #lastADTm
7               #itDAD
0.000           #avItADGoal
0               #itADOpt
17              #opt
17              #optDA-AD
3.524           #tmDA
0.0             #relGain

V = [1, 2, 3, 4, 5, 6, 7, 8, 9, 10, 11, 12, 13, 14, 15, 16, 17, 18, 19, 20]
A = [(1, 15), (15, 1), (3, 17), (17, 3), (6, 14), (14, 6), (7, 18), (18, 7), (8, 16), (16, 8), (9, 10), (10, 9), (11, 15), (15, 11), (13, 17), (17, 13), (18, 20), (20, 18)]
Z_dad = [17, 18]
Y_dad = [6, 15]
X_dad = [1, 11]
Z_da-ad = [1, 17]
Y_da-ad = [15, 18]
X_da-ad = [11, 20]
