no              #fail
14.657          #totTm
2.869           #lastADTm
5               #itDAD
0.000           #avItADGoal
0               #itADOpt
18              #opt
18              #optDA-AD
2.537           #tmDA
0.0             #relGain

V = [1, 2, 3, 4, 5, 6, 7, 8, 9, 10, 11, 12, 13, 14, 15, 16, 17, 18, 19, 20]
A = [(1, 3), (3, 1), (2, 3), (3, 2), (2, 14), (14, 2), (4, 5), (5, 4), (7, 8), (8, 7), (8, 13), (13, 8), (11, 19), (19, 11), (12, 18), (18, 12), (15, 20), (20, 15)]
Z_dad = [2, 8]
Y_dad = [6, 7]
X_dad = []
Z_da-ad = [2, 7]
Y_da-ad = [6, 9]
X_da-ad = []
