no              #fail
12.090          #totTm
2.362           #lastADTm
5               #itDAD
0.000           #avItADGoal
0               #itADOpt
18              #opt
17              #optDA-AD
1.988           #tmDA
5.6             #relGain

V = [1, 2, 3, 4, 5, 6, 7, 8, 9, 10, 11, 12, 13, 14, 15, 16, 17, 18, 19, 20]
A = [(1, 3), (3, 1), (1, 5), (5, 1), (3, 20), (20, 3), (4, 9), (9, 4), (7, 9), (9, 7), (7, 12), (12, 7), (8, 12), (12, 8), (9, 11), (11, 9), (9, 14), (14, 9)]
Z_dad = [9, 12]
Y_dad = [2, 4]
X_dad = []
Z_da-ad = [1, 9]
Y_da-ad = [12, 20]
X_da-ad = [7, 8]
