no              #fail
11.705          #totTm
2.406           #lastADTm
4               #itDAD
0.000           #avItADGoal
0               #itADOpt
18              #opt
18              #optDA-AD
1.973           #tmDA
0.0             #relGain

V = [1, 2, 3, 4, 5, 6, 7, 8, 9, 10, 11, 12, 13, 14, 15, 16, 17, 18, 19, 20]
A = [(1, 11), (11, 1), (1, 18), (18, 1), (3, 7), (7, 3), (4, 15), (15, 4), (4, 18), (18, 4), (10, 16), (16, 10), (11, 15), (15, 11), (14, 19), (19, 14), (15, 17), (17, 15)]
Z_dad = [1, 15]
Y_dad = [2, 5]
X_dad = []
Z_da-ad = [1, 15]
Y_da-ad = [2, 5]
X_da-ad = []
