no              #fail
10.979          #totTm
2.123           #lastADTm
4               #itDAD
0.000           #avItADGoal
0               #itADOpt
18              #opt
18              #optDA-AD
2.875           #tmDA
0.0             #relGain

V = [1, 2, 3, 4, 5, 6, 7, 8, 9, 10, 11, 12, 13, 14, 15, 16, 17, 18, 19, 20]
A = [(1, 2), (2, 1), (1, 14), (14, 1), (1, 20), (20, 1), (2, 14), (14, 2), (4, 11), (11, 4), (4, 18), (18, 4), (8, 15), (15, 8), (10, 17), (17, 10), (12, 18), (18, 12)]
Z_dad = [1, 4]
Y_dad = [3, 5]
X_dad = []
Z_da-ad = [1, 4]
Y_da-ad = [3, 5]
X_da-ad = []
