no              #fail
9.749           #totTm
1.802           #lastADTm
4               #itDAD
0.000           #avItADGoal
0               #itADOpt
18              #opt
18              #optDA-AD
2.012           #tmDA
0.0             #relGain

V = [1, 2, 3, 4, 5, 6, 7, 8, 9, 10, 11, 12, 13, 14, 15, 16, 17, 18, 19, 20]
A = [(1, 16), (16, 1), (2, 9), (9, 2), (2, 18), (18, 2), (2, 19), (19, 2), (3, 9), (9, 3), (9, 19), (19, 9), (15, 17), (17, 15), (17, 19), (19, 17), (19, 20), (20, 19)]
Z_dad = [9, 19]
Y_dad = [3, 4]
X_dad = []
Z_da-ad = [9, 19]
Y_da-ad = [3, 4]
X_da-ad = []
