no              #fail
11.623          #totTm
2.859           #lastADTm
4               #itDAD
0.000           #avItADGoal
0               #itADOpt
18              #opt
18              #optDA-AD
2.163           #tmDA
0.0             #relGain

V = [1, 2, 3, 4, 5, 6, 7, 8, 9, 10, 11, 12, 13, 14, 15, 16, 17, 18, 19, 20]
A = [(3, 5), (5, 3), (3, 11), (11, 3), (3, 19), (19, 3), (4, 10), (10, 4), (5, 16), (16, 5), (6, 8), (8, 6), (6, 17), (17, 6), (7, 15), (15, 7), (9, 11), (11, 9)]
Z_dad = [3, 6]
Y_dad = [1, 2]
X_dad = []
Z_da-ad = [3, 8]
Y_da-ad = [1, 2]
X_da-ad = []
