no              #fail
15.619          #totTm
2.141           #lastADTm
7               #itDAD
0.000           #avItADGoal
0               #itADOpt
16              #opt
16              #optDA-AD
3.311           #tmDA
0.0             #relGain

V = [1, 2, 3, 4, 5, 6, 7, 8, 9, 10, 11, 12, 13, 14, 15, 16, 17, 18, 19, 20]
A = [(1, 11), (11, 1), (1, 12), (12, 1), (3, 19), (19, 3), (4, 10), (10, 4), (5, 8), (8, 5), (6, 13), (13, 6), (8, 20), (20, 8), (9, 13), (13, 9), (10, 17), (17, 10)]
Z_dad = [10, 13]
Y_dad = [1, 8]
X_dad = [11, 12]
Z_da-ad = [10, 13]
Y_da-ad = [1, 8]
X_da-ad = [11, 12]
