no              #fail
14.123          #totTm
2.087           #lastADTm
6               #itDAD
0.000           #avItADGoal
0               #itADOpt
17              #opt
17              #optDA-AD
1.954           #tmDA
0.0             #relGain

V = [1, 2, 3, 4, 5, 6, 7, 8, 9, 10, 11, 12, 13, 14, 15, 16, 17, 18, 19, 20]
A = [(2, 3), (3, 2), (2, 5), (5, 2), (3, 4), (4, 3), (3, 18), (18, 3), (6, 15), (15, 6), (7, 17), (17, 7), (7, 18), (18, 7), (10, 15), (15, 10), (10, 17), (17, 10)]
Z_dad = [3, 17]
Y_dad = [7, 15]
X_dad = [6, 10]
Z_da-ad = [3, 17]
Y_da-ad = [7, 15]
X_da-ad = [6, 10]
