no              #fail
65.905          #totTm
9.282           #lastADTm
8               #itDAD
0.000           #avItADGoal
0               #itADOpt
17              #opt
17              #optDA-AD
6.417           #tmDA
0.0             #relGain

V = [1, 2, 3, 4, 5, 6, 7, 8, 9, 10, 11, 12, 13, 14, 15, 16, 17, 18, 19, 20]
A = [(1, 9), (9, 1), (2, 13), (13, 2), (5, 17), (17, 5), (6, 19), (19, 6), (7, 17), (17, 7), (8, 12), (12, 8), (10, 20), (20, 10), (13, 14), (14, 13), (13, 20), (20, 13)]
Z_dad = [2, 13, 17]
Y_dad = [3, 4, 5]
X_dad = []
Z_da-ad = [1, 13, 17]
Y_da-ad = [2, 3, 4]
X_da-ad = []
