no              #fail
88.998          #totTm
8.187           #lastADTm
10              #itDAD
0.000           #avItADGoal
0               #itADOpt
17              #opt
17              #optDA-AD
7.666           #tmDA
0.0             #relGain

V = [1, 2, 3, 4, 5, 6, 7, 8, 9, 10, 11, 12, 13, 14, 15, 16, 17, 18, 19, 20]
A = [(1, 14), (14, 1), (3, 5), (5, 3), (4, 8), (8, 4), (5, 10), (10, 5), (7, 18), (18, 7), (9, 20), (20, 9), (10, 15), (15, 10), (10, 17), (17, 10), (15, 18), (18, 15)]
Z_dad = [6, 10, 18]
Y_dad = [2, 7, 11]
X_dad = []
Z_da-ad = [4, 5, 15]
Y_da-ad = [2, 3, 6]
X_da-ad = []
