no              #fail
43.127          #totTm
8.433           #lastADTm
6               #itDAD
0.000           #avItADGoal
0               #itADOpt
17              #opt
17              #optDA-AD
4.731           #tmDA
0.0             #relGain

V = [1, 2, 3, 4, 5, 6, 7, 8, 9, 10, 11, 12, 13, 14, 15, 16, 17, 18, 19, 20]
A = [(2, 8), (8, 2), (5, 12), (12, 5), (5, 14), (14, 5), (6, 7), (7, 6), (6, 8), (8, 6), (6, 15), (15, 6), (9, 11), (11, 9), (11, 16), (16, 11), (17, 19), (19, 17)]
Z_dad = [5, 11, 19]
Y_dad = [1, 3, 4]
X_dad = []
Z_da-ad = [5, 6, 11]
Y_da-ad = [1, 3, 4]
X_da-ad = []
