no              #fail
69.558          #totTm
9.253           #lastADTm
8               #itDAD
0.000           #avItADGoal
0               #itADOpt
17              #opt
17              #optDA-AD
5.755           #tmDA
0.0             #relGain

V = [1, 2, 3, 4, 5, 6, 7, 8, 9, 10, 11, 12, 13, 14, 15, 16, 17, 18, 19, 20]
A = [(2, 12), (12, 2), (2, 18), (18, 2), (3, 5), (5, 3), (5, 17), (17, 5), (5, 18), (18, 5), (6, 9), (9, 6), (7, 10), (10, 7), (7, 15), (15, 7), (10, 15), (15, 10)]
Z_dad = [2, 4, 5]
Y_dad = [1, 3, 8]
X_dad = []
Z_da-ad = [2, 5, 7]
Y_da-ad = [1, 3, 4]
X_da-ad = []
