no              #fail
49.645          #totTm
7.320           #lastADTm
7               #itDAD
0.000           #avItADGoal
0               #itADOpt
17              #opt
17              #optDA-AD
3.709           #tmDA
0.0             #relGain

V = [1, 2, 3, 4, 5, 6, 7, 8, 9, 10, 11, 12, 13, 14, 15, 16, 17, 18, 19, 20]
A = [(1, 14), (14, 1), (2, 7), (7, 2), (3, 18), (18, 3), (4, 18), (18, 4), (10, 17), (17, 10), (13, 15), (15, 13), (14, 16), (16, 14), (15, 17), (17, 15), (15, 19), (19, 15)]
Z_dad = [1, 15, 18]
Y_dad = [3, 4, 5]
X_dad = []
Z_da-ad = [14, 15, 18]
Y_da-ad = [1, 3, 4]
X_da-ad = []
