no              #fail
67.038          #totTm
8.607           #lastADTm
8               #itDAD
0.000           #avItADGoal
0               #itADOpt
17              #opt
17              #optDA-AD
9.112           #tmDA
0.0             #relGain

V = [1, 2, 3, 4, 5, 6, 7, 8, 9, 10, 11, 12, 13, 14, 15, 16, 17, 18, 19, 20]
A = [(3, 6), (6, 3), (3, 14), (14, 3), (5, 20), (20, 5), (6, 8), (8, 6), (7, 14), (14, 7), (8, 16), (16, 8), (12, 14), (14, 12), (12, 18), (18, 12), (14, 16), (16, 14)]
Z_dad = [1, 12, 14]
Y_dad = [2, 4, 7]
X_dad = []
Z_da-ad = [5, 6, 14]
Y_da-ad = [1, 2, 3]
X_da-ad = []
