no              #fail
62.923          #totTm
9.983           #lastADTm
7               #itDAD
0.000           #avItADGoal
0               #itADOpt
17              #opt
17              #optDA-AD
4.868           #tmDA
0.0             #relGain

V = [1, 2, 3, 4, 5, 6, 7, 8, 9, 10, 11, 12, 13, 14, 15, 16, 17, 18, 19, 20]
A = [(1, 3), (3, 1), (1, 5), (5, 1), (3, 18), (18, 3), (4, 7), (7, 4), (7, 20), (20, 7), (8, 17), (17, 8), (9, 17), (17, 9), (9, 19), (19, 9), (18, 19), (19, 18)]
Z_dad = [1, 9, 18]
Y_dad = [2, 3, 5]
X_dad = []
Z_da-ad = [7, 17, 18]
Y_da-ad = [2, 4, 6]
X_da-ad = []
