no              #fail
53.385          #totTm
10.172          #lastADTm
6               #itDAD
0.000           #avItADGoal
0               #itADOpt
17              #opt
17              #optDA-AD
6.303           #tmDA
0.0             #relGain

V = [1, 2, 3, 4, 5, 6, 7, 8, 9, 10, 11, 12, 13, 14, 15, 16, 17, 18, 19, 20]
A = [(1, 15), (15, 1), (2, 13), (13, 2), (4, 9), (9, 4), (7, 18), (18, 7), (8, 9), (9, 8), (8, 13), (13, 8), (14, 16), (16, 14), (14, 20), (20, 14), (15, 16), (16, 15)]
Z_dad = [7, 14, 15]
Y_dad = [1, 3, 5]
X_dad = []
Z_da-ad = [1, 8, 16]
Y_da-ad = [3, 5, 6]
X_da-ad = []
