no              #fail
76.142          #totTm
8.542           #lastADTm
9               #itDAD
0.000           #avItADGoal
0               #itADOpt
17              #opt
17              #optDA-AD
7.693           #tmDA
0.0             #relGain

V = [1, 2, 3, 4, 5, 6, 7, 8, 9, 10, 11, 12, 13, 14, 15, 16, 17, 18, 19, 20]
A = [(1, 5), (5, 1), (1, 12), (12, 1), (2, 7), (7, 2), (6, 19), (19, 6), (8, 9), (9, 8), (9, 12), (12, 9), (10, 18), (18, 10), (13, 20), (20, 13), (18, 19), (19, 18)]
Z_dad = [10, 12, 19]
Y_dad = [3, 4, 6]
X_dad = []
Z_da-ad = [12, 13, 18]
Y_da-ad = [3, 4, 10]
X_da-ad = []
