no              #fail
66.699          #totTm
9.499           #lastADTm
7               #itDAD
0.000           #avItADGoal
0               #itADOpt
17              #opt
17              #optDA-AD
6.05            #tmDA
0.0             #relGain

V = [1, 2, 3, 4, 5, 6, 7, 8, 9, 10, 11, 12, 13, 14, 15, 16, 17, 18, 19, 20]
A = [(1, 15), (15, 1), (1, 19), (19, 1), (2, 4), (4, 2), (2, 15), (15, 2), (4, 8), (8, 4), (5, 7), (7, 5), (6, 15), (15, 6), (10, 17), (17, 10), (13, 19), (19, 13)]
Z_dad = [1, 2, 17]
Y_dad = [3, 9, 10]
X_dad = []
Z_da-ad = [4, 15, 19]
Y_da-ad = [1, 2, 3]
X_da-ad = []
