no              #fail
79.580          #totTm
11.980          #lastADTm
8               #itDAD
0.000           #avItADGoal
0               #itADOpt
17              #opt
17              #optDA-AD
4.372           #tmDA
0.0             #relGain

V = [1, 2, 3, 4, 5, 6, 7, 8, 9, 10, 11, 12, 13, 14, 15, 16, 17, 18, 19, 20]
A = [(2, 8), (8, 2), (2, 16), (16, 2), (3, 7), (7, 3), (4, 5), (5, 4), (4, 20), (20, 4), (6, 11), (11, 6), (9, 16), (16, 9), (10, 13), (13, 10), (11, 13), (13, 11)]
Z_dad = [4, 6, 13]
Y_dad = [1, 5, 10]
X_dad = []
Z_da-ad = [2, 4, 11]
Y_da-ad = [1, 5, 6]
X_da-ad = []
