no              #fail
74.942          #totTm
8.042           #lastADTm
10              #itDAD
0.000           #avItADGoal
0               #itADOpt
17              #opt
17              #optDA-AD
4.034           #tmDA
0.0             #relGain

V = [1, 2, 3, 4, 5, 6, 7, 8, 9, 10, 11, 12, 13, 14, 15, 16, 17, 18, 19, 20]
A = [(1, 2), (2, 1), (2, 14), (14, 2), (4, 16), (16, 4), (4, 18), (18, 4), (9, 20), (20, 9), (10, 16), (16, 10), (12, 13), (13, 12), (12, 14), (14, 12), (19, 20), (20, 19)]
Z_dad = [2, 12, 16]
Y_dad = [1, 3, 5]
X_dad = []
Z_da-ad = [14, 16, 20]
Y_da-ad = [3, 5, 6]
X_da-ad = []
