no              #fail
65.071          #totTm
7.984           #lastADTm
9               #itDAD
0.000           #avItADGoal
0               #itADOpt
17              #opt
17              #optDA-AD
4.726           #tmDA
0.0             #relGain

V = [1, 2, 3, 4, 5, 6, 7, 8, 9, 10, 11, 12, 13, 14, 15, 16, 17, 18, 19, 20]
A = [(2, 15), (15, 2), (7, 11), (11, 7), (8, 10), (10, 8), (9, 10), (10, 9), (10, 13), (13, 10), (11, 15), (15, 11), (13, 14), (14, 13), (15, 20), (20, 15), (18, 19), (19, 18)]
Z_dad = [10, 15]
Y_dad = [1, 2, 3]
X_dad = []
Z_da-ad = [10, 13, 15]
Y_da-ad = [1, 2, 3]
X_da-ad = []
