no              #fail
74.450          #totTm
8.245           #lastADTm
8               #itDAD
0.000           #avItADGoal
0               #itADOpt
17              #opt
17              #optDA-AD
4.248           #tmDA
0.0             #relGain

V = [1, 2, 3, 4, 5, 6, 7, 8, 9, 10, 11, 12, 13, 14, 15, 16, 17, 18, 19, 20]
A = [(2, 4), (4, 2), (2, 14), (14, 2), (3, 4), (4, 3), (3, 7), (7, 3), (5, 12), (12, 5), (9, 10), (10, 9), (9, 17), (17, 9), (10, 15), (15, 10), (10, 16), (16, 10)]
Z_dad = [3, 10, 14]
Y_dad = [1, 6, 7]
X_dad = []
Z_da-ad = [2, 3, 10]
Y_da-ad = [1, 4, 6]
X_da-ad = []
