no              #fail
99.120          #totTm
9.460           #lastADTm
10              #itDAD
0.000           #avItADGoal
0               #itADOpt
17              #opt
17              #optDA-AD
7.338           #tmDA
0.0             #relGain

V = [1, 2, 3, 4, 5, 6, 7, 8, 9, 10, 11, 12, 13, 14, 15, 16, 17, 18, 19, 20]
A = [(1, 3), (3, 1), (4, 7), (7, 4), (4, 12), (12, 4), (7, 10), (10, 7), (7, 19), (19, 7), (7, 20), (20, 7), (8, 19), (19, 8), (9, 10), (10, 9), (15, 20), (20, 15)]
Z_dad = [2, 7, 11]
Y_dad = [5, 6, 13]
X_dad = []
Z_da-ad = [7, 8, 15]
Y_da-ad = [2, 5, 6]
X_da-ad = []
