no              #fail
55.642          #totTm
9.000           #lastADTm
7               #itDAD
0.000           #avItADGoal
0               #itADOpt
17              #opt
17              #optDA-AD
4.317           #tmDA
0.0             #relGain

V = [1, 2, 3, 4, 5, 6, 7, 8, 9, 10, 11, 12, 13, 14, 15, 16, 17, 18, 19, 20]
A = [(1, 2), (2, 1), (1, 3), (3, 1), (1, 5), (5, 1), (4, 17), (17, 4), (7, 20), (20, 7), (11, 14), (14, 11), (12, 15), (15, 12), (16, 20), (20, 16), (17, 20), (20, 17)]
Z_dad = [1, 5, 20]
Y_dad = [2, 3, 6]
X_dad = []
Z_da-ad = [1, 14, 20]
Y_da-ad = [2, 3, 5]
X_da-ad = []
