no              #fail
5.205           #totTm
0.687           #lastADTm
5               #itDAD
0.000           #avItADGoal
0               #itADOpt
21              #opt
20              #optDA-AD
0.659           #tmDA
4.8             #relGain

V = [1, 2, 3, 4, 5, 6, 7, 8, 9, 10, 11, 12, 13, 14, 15, 16, 17, 18, 19, 20, 21, 22, 23, 24, 25, 26, 27, 28, 29, 30, 31, 32, 33, 34, 35, 36, 37, 38, 39, 40]
A = [(1, 7), (7, 1), (1, 28), (28, 1), (1, 33), (33, 1), (1, 34), (34, 1), (2, 26), (26, 2), (2, 27), (27, 2), (3, 6), (6, 3), (3, 11), (11, 3), (4, 14), (14, 4), (5, 39), (39, 5), (7, 25), (25, 7), (8, 20), (20, 8), (8, 34), (34, 8), (9, 14), (14, 9), (10, 16), (16, 10), (10, 27), (27, 10), (10, 37), (37, 10), (12, 36), (36, 12), (13, 36), (36, 13), (15, 34), (34, 15), (15, 38), (38, 15), (15, 39), (39, 15), (16, 25), (25, 16), (17, 22), (22, 17), (18, 36), (36, 18), (19, 24), (24, 19), (19, 35), (35, 19), (20, 24), (24, 20), (21, 30), (30, 21), (21, 36), (36, 21), (22, 37), (37, 22), (23, 36), (36, 23), (24, 39), (39, 24), (25, 32), (32, 25), (25, 33), (33, 25), (27, 33), (33, 27), (31, 33), (33, 31), (32, 35), (35, 32), (37, 38), (38, 37)]
Z_dad = [10]
Y_dad = [1]
X_dad = [33]
Z_da-ad = [37]
Y_da-ad = [27]
X_da-ad = [15]
