no              #fail
2.957           #totTm
0.676           #lastADTm
3               #itDAD
0.000           #avItADGoal
0               #itADOpt
22              #opt
22              #optDA-AD
0.589           #tmDA
0.0             #relGain

V = [1, 2, 3, 4, 5, 6, 7, 8, 9, 10, 11, 12, 13, 14, 15, 16, 17, 18, 19, 20, 21, 22, 23, 24, 25, 26, 27, 28, 29, 30, 31, 32, 33, 34, 35, 36, 37, 38, 39, 40]
A = [(1, 10), (10, 1), (1, 32), (32, 1), (2, 3), (3, 2), (2, 4), (4, 2), (2, 9), (9, 2), (2, 14), (14, 2), (2, 25), (25, 2), (2, 28), (28, 2), (3, 15), (15, 3), (3, 18), (18, 3), (3, 19), (19, 3), (4, 10), (10, 4), (5, 12), (12, 5), (5, 26), (26, 5), (5, 39), (39, 5), (6, 28), (28, 6), (8, 23), (23, 8), (8, 34), (34, 8), (10, 16), (16, 10), (10, 36), (36, 10), (11, 22), (22, 11), (13, 17), (17, 13), (13, 32), (32, 13), (16, 36), (36, 16), (16, 37), (37, 16), (17, 19), (19, 17), (17, 38), (38, 17), (18, 24), (24, 18), (18, 36), (36, 18), (20, 26), (26, 20), (20, 33), (33, 20), (20, 38), (38, 20), (25, 38), (38, 25), (26, 27), (27, 26), (26, 34), (34, 26), (27, 29), (29, 27), (28, 37), (37, 28), (29, 38), (38, 29), (36, 38), (38, 36)]
Z_dad = [38]
Y_dad = [2]
X_dad = [3]
Z_da-ad = [38]
Y_da-ad = [2]
X_da-ad = [3]
