no              #fail
3.276           #totTm
1.191           #lastADTm
3               #itDAD
0.000           #avItADGoal
0               #itADOpt
24              #opt
24              #optDA-AD
0.599           #tmDA
0.0             #relGain

V = [1, 2, 3, 4, 5, 6, 7, 8, 9, 10, 11, 12, 13, 14, 15, 16, 17, 18, 19, 20, 21, 22, 23, 24, 25, 26, 27, 28, 29, 30, 31, 32, 33, 34, 35, 36, 37, 38, 39, 40]
A = [(1, 35), (35, 1), (2, 7), (7, 2), (2, 23), (23, 2), (2, 27), (27, 2), (2, 34), (34, 2), (3, 17), (17, 3), (3, 32), (32, 3), (4, 16), (16, 4), (4, 27), (27, 4), (4, 31), (31, 4), (4, 33), (33, 4), (4, 34), (34, 4), (5, 31), (31, 5), (5, 32), (32, 5), (8, 11), (11, 8), (8, 28), (28, 8), (9, 25), (25, 9), (9, 30), (30, 9), (9, 37), (37, 9), (10, 28), (28, 10), (10, 29), (29, 10), (11, 39), (39, 11), (12, 21), (21, 12), (12, 24), (24, 12), (12, 40), (40, 12), (16, 17), (17, 16), (17, 37), (37, 17), (19, 26), (26, 19), (19, 39), (39, 19), (21, 26), (26, 21), (21, 34), (34, 21), (22, 40), (40, 22), (23, 40), (40, 23), (24, 29), (29, 24), (26, 39), (39, 26), (27, 28), (28, 27), (27, 29), (29, 27), (30, 33), (33, 30), (30, 36), (36, 30)]
Z_dad = [4]
Y_dad = [8]
X_dad = [2]
Z_da-ad = [4]
Y_da-ad = [8]
X_da-ad = [2]
