no              #fail
4.292           #totTm
0.389           #lastADTm
5               #itDAD
0.000           #avItADGoal
0               #itADOpt
20              #opt
20              #optDA-AD
0.608           #tmDA
0.0             #relGain

V = [1, 2, 3, 4, 5, 6, 7, 8, 9, 10, 11, 12, 13, 14, 15, 16, 17, 18, 19, 20, 21, 22, 23, 24, 25, 26, 27, 28, 29, 30, 31, 32, 33, 34, 35, 36, 37, 38, 39, 40]
A = [(1, 26), (26, 1), (2, 22), (22, 2), (2, 32), (32, 2), (2, 35), (35, 2), (3, 40), (40, 3), (4, 5), (5, 4), (4, 22), (22, 4), (4, 23), (23, 4), (5, 14), (14, 5), (7, 28), (28, 7), (8, 10), (10, 8), (8, 35), (35, 8), (8, 39), (39, 8), (9, 37), (37, 9), (10, 36), (36, 10), (11, 37), (37, 11), (12, 20), (20, 12), (13, 17), (17, 13), (13, 23), (23, 13), (14, 21), (21, 14), (14, 36), (36, 14), (14, 39), (39, 14), (15, 38), (38, 15), (16, 20), (20, 16), (16, 25), (25, 16), (17, 33), (33, 17), (21, 24), (24, 21), (23, 40), (40, 23), (24, 39), (39, 24), (26, 29), (29, 26), (26, 39), (39, 26), (28, 31), (31, 28), (28, 33), (33, 28), (28, 34), (34, 28), (30, 33), (33, 30), (31, 39), (39, 31), (32, 34), (34, 32), (33, 34), (34, 33), (38, 40), (40, 38)]
Z_dad = [33]
Y_dad = [4]
X_dad = [23]
Z_da-ad = [23]
Y_da-ad = [22]
X_da-ad = [33]
