no              #fail
5.525           #totTm
1.285           #lastADTm
5               #itDAD
0.000           #avItADGoal
0               #itADOpt
27              #opt
27              #optDA-AD
0.483           #tmDA
0.0             #relGain

V = [1, 2, 3, 4, 5, 6, 7, 8, 9, 10, 11, 12, 13, 14, 15, 16, 17, 18, 19, 20, 21, 22, 23, 24, 25, 26, 27, 28, 29, 30, 31, 32, 33, 34, 35, 36, 37, 38, 39, 40]
A = [(1, 18), (18, 1), (1, 32), (32, 1), (2, 5), (5, 2), (3, 9), (9, 3), (3, 21), (21, 3), (3, 32), (32, 3), (3, 39), (39, 3), (4, 18), (18, 4), (4, 24), (24, 4), (5, 20), (20, 5), (5, 23), (23, 5), (5, 27), (27, 5), (6, 9), (9, 6), (6, 19), (19, 6), (6, 25), (25, 6), (8, 14), (14, 8), (8, 27), (27, 8), (8, 28), (28, 8), (9, 35), (35, 9), (9, 36), (36, 9), (10, 38), (38, 10), (11, 38), (38, 11), (12, 13), (13, 12), (13, 35), (35, 13), (15, 35), (35, 15), (16, 32), (32, 16), (17, 23), (23, 17), (17, 39), (39, 17), (19, 26), (26, 19), (21, 24), (24, 21), (22, 32), (32, 22), (24, 30), (30, 24), (24, 39), (39, 24), (24, 40), (40, 24), (27, 28), (28, 27), (28, 31), (31, 28), (28, 35), (35, 28), (36, 37), (37, 36), (36, 38), (38, 36)]
Z_dad = [9]
Y_dad = [17]
X_dad = [23]
Z_da-ad = [9]
Y_da-ad = [17]
X_da-ad = [23]
