no              #fail
5.398           #totTm
0.891           #lastADTm
5               #itDAD
0.000           #avItADGoal
0               #itADOpt
23              #opt
19              #optDA-AD
0.877           #tmDA
17.4            #relGain

V = [1, 2, 3, 4, 5, 6, 7, 8, 9, 10, 11, 12, 13, 14, 15, 16, 17, 18, 19, 20, 21, 22, 23, 24, 25, 26, 27, 28, 29, 30, 31, 32, 33, 34, 35, 36, 37, 38, 39, 40]
A = [(2, 13), (13, 2), (3, 4), (4, 3), (3, 13), (13, 3), (3, 32), (32, 3), (4, 21), (21, 4), (4, 39), (39, 4), (5, 22), (22, 5), (7, 24), (24, 7), (7, 30), (30, 7), (7, 33), (33, 7), (8, 30), (30, 8), (8, 33), (33, 8), (9, 22), (22, 9), (9, 28), (28, 9), (9, 30), (30, 9), (10, 37), (37, 10), (11, 32), (32, 11), (11, 35), (35, 11), (12, 21), (21, 12), (12, 22), (22, 12), (12, 29), (29, 12), (12, 37), (37, 12), (14, 35), (35, 14), (15, 30), (30, 15), (16, 27), (27, 16), (16, 37), (37, 16), (17, 23), (23, 17), (17, 29), (29, 17), (19, 31), (31, 19), (20, 23), (23, 20), (20, 32), (32, 20), (20, 36), (36, 20), (21, 25), (25, 21), (21, 37), (37, 21), (24, 40), (40, 24), (25, 37), (37, 25), (27, 28), (28, 27), (32, 34), (34, 32), (38, 39), (39, 38)]
Z_dad = [21]
Y_dad = [12]
X_dad = [29]
Z_da-ad = [9]
Y_da-ad = [32]
X_da-ad = [37]
