no              #fail
5.142           #totTm
0.819           #lastADTm
5               #itDAD
0.000           #avItADGoal
0               #itADOpt
23              #opt
23              #optDA-AD
0.5             #tmDA
0.0             #relGain

V = [1, 2, 3, 4, 5, 6, 7, 8, 9, 10, 11, 12, 13, 14, 15, 16, 17, 18, 19, 20, 21, 22, 23, 24, 25, 26, 27, 28, 29, 30, 31, 32, 33, 34, 35, 36, 37, 38, 39, 40]
A = [(1, 6), (6, 1), (1, 11), (11, 1), (1, 12), (12, 1), (1, 37), (37, 1), (2, 25), (25, 2), (3, 11), (11, 3), (3, 18), (18, 3), (4, 25), (25, 4), (4, 27), (27, 4), (5, 21), (21, 5), (5, 27), (27, 5), (5, 28), (28, 5), (6, 29), (29, 6), (6, 40), (40, 6), (7, 17), (17, 7), (7, 28), (28, 7), (9, 23), (23, 9), (9, 26), (26, 9), (9, 30), (30, 9), (10, 40), (40, 10), (11, 35), (35, 11), (11, 40), (40, 11), (12, 33), (33, 12), (13, 14), (14, 13), (14, 26), (26, 14), (14, 31), (31, 14), (16, 17), (17, 16), (16, 34), (34, 16), (17, 26), (26, 17), (18, 39), (39, 18), (19, 32), (32, 19), (20, 26), (26, 20), (21, 32), (32, 21), (22, 28), (28, 22), (23, 33), (33, 23), (24, 40), (40, 24), (26, 36), (36, 26), (27, 30), (30, 27), (30, 35), (35, 30)]
Z_dad = [27]
Y_dad = [9]
X_dad = [26]
Z_da-ad = [26]
Y_da-ad = [30]
X_da-ad = [27]
