no              #fail
4.013           #totTm
0.969           #lastADTm
4               #itDAD
0.000           #avItADGoal
0               #itADOpt
22              #opt
16              #optDA-AD
0.798           #tmDA
27.3            #relGain

V = [1, 2, 3, 4, 5, 6, 7, 8, 9, 10, 11, 12, 13, 14, 15, 16, 17, 18, 19, 20, 21, 22, 23, 24, 25, 26, 27, 28, 29, 30, 31, 32, 33, 34, 35, 36, 37, 38, 39, 40]
A = [(1, 3), (3, 1), (4, 36), (36, 4), (5, 28), (28, 5), (5, 32), (32, 5), (6, 11), (11, 6), (6, 19), (19, 6), (6, 29), (29, 6), (7, 20), (20, 7), (8, 20), (20, 8), (8, 31), (31, 8), (8, 32), (32, 8), (8, 39), (39, 8), (8, 40), (40, 8), (9, 10), (10, 9), (9, 24), (24, 9), (10, 19), (19, 10), (10, 27), (27, 10), (13, 31), (31, 13), (14, 21), (21, 14), (15, 24), (24, 15), (16, 18), (18, 16), (16, 21), (21, 16), (16, 25), (25, 16), (17, 29), (29, 17), (18, 39), (39, 18), (19, 23), (23, 19), (21, 36), (36, 21), (21, 37), (37, 21), (21, 38), (38, 21), (22, 30), (30, 22), (23, 29), (29, 23), (23, 36), (36, 23), (23, 40), (40, 23), (24, 31), (31, 24), (26, 34), (34, 26), (27, 28), (28, 27), (32, 34), (34, 32), (33, 35), (35, 33), (33, 39), (39, 33)]
Z_dad = [8]
Y_dad = [23]
X_dad = [19]
Z_da-ad = [21]
Y_da-ad = [8]
X_da-ad = [39]
