no              #fail
2.807           #totTm
0.532           #lastADTm
3               #itDAD
0.000           #avItADGoal
0               #itADOpt
16              #opt
16              #optDA-AD
0.482           #tmDA
0.0             #relGain

V = [1, 2, 3, 4, 5, 6, 7, 8, 9, 10, 11, 12, 13, 14, 15, 16, 17, 18, 19, 20, 21, 22, 23, 24, 25, 26, 27, 28, 29, 30, 31, 32, 33, 34, 35, 36, 37, 38, 39, 40]
A = [(1, 40), (40, 1), (2, 25), (25, 2), (3, 18), (18, 3), (4, 26), (26, 4), (4, 29), (29, 4), (5, 19), (19, 5), (5, 35), (35, 5), (6, 17), (17, 6), (7, 8), (8, 7), (8, 29), (29, 8), (8, 36), (36, 8), (9, 17), (17, 9), (10, 21), (21, 10), (10, 32), (32, 10), (10, 33), (33, 10), (11, 13), (13, 11), (11, 26), (26, 11), (12, 38), (38, 12), (13, 38), (38, 13), (14, 25), (25, 14), (15, 31), (31, 15), (15, 32), (32, 15), (15, 37), (37, 15), (16, 23), (23, 16), (19, 37), (37, 19), (21, 35), (35, 21), (21, 36), (36, 21), (22, 35), (35, 22), (23, 31), (31, 23), (25, 29), (29, 25), (26, 30), (30, 26), (27, 29), (29, 27), (27, 30), (30, 27), (28, 36), (36, 28), (30, 31), (31, 30), (33, 38), (38, 33), (33, 40), (40, 33), (34, 38), (38, 34), (37, 40), (40, 37)]
Z_dad = [29]
Y_dad = [21]
X_dad = [36]
Z_da-ad = [29]
Y_da-ad = [21]
X_da-ad = [36]
