no              #fail
3.496           #totTm
1.018           #lastADTm
3               #itDAD
0.000           #avItADGoal
0               #itADOpt
16              #opt
16              #optDA-AD
1.054           #tmDA
0.0             #relGain

V = [1, 2, 3, 4, 5, 6, 7, 8, 9, 10, 11, 12, 13, 14, 15, 16, 17, 18, 19, 20, 21, 22, 23, 24, 25, 26, 27, 28, 29, 30, 31, 32, 33, 34, 35, 36, 37, 38, 39, 40]
A = [(1, 9), (9, 1), (3, 23), (23, 3), (5, 6), (6, 5), (6, 13), (13, 6), (6, 26), (26, 6), (7, 19), (19, 7), (7, 39), (39, 7), (8, 10), (10, 8), (8, 18), (18, 8), (8, 20), (20, 8), (8, 40), (40, 8), (9, 29), (29, 9), (9, 35), (35, 9), (9, 36), (36, 9), (11, 18), (18, 11), (14, 40), (40, 14), (15, 17), (17, 15), (15, 19), (19, 15), (15, 25), (25, 15), (16, 38), (38, 16), (17, 18), (18, 17), (17, 19), (19, 17), (17, 25), (25, 17), (17, 27), (27, 17), (18, 32), (32, 18), (19, 28), (28, 19), (19, 36), (36, 19), (20, 22), (22, 20), (22, 23), (23, 22), (23, 24), (24, 23), (24, 27), (27, 24), (24, 30), (30, 24), (24, 39), (39, 24), (26, 28), (28, 26), (27, 34), (34, 27), (29, 36), (36, 29), (30, 35), (35, 30), (36, 38), (38, 36), (36, 40), (40, 36)]
Z_dad = [19]
Y_dad = [36]
X_dad = [17]
Z_da-ad = [19]
Y_da-ad = [36]
X_da-ad = [17]
