no              #fail
6.097           #totTm
1.032           #lastADTm
6               #itDAD
0.000           #avItADGoal
0               #itADOpt
23              #opt
21              #optDA-AD
1.111           #tmDA
8.7             #relGain

V = [1, 2, 3, 4, 5, 6, 7, 8, 9, 10, 11, 12, 13, 14, 15, 16, 17, 18, 19, 20, 21, 22, 23, 24, 25, 26, 27, 28, 29, 30, 31, 32, 33, 34, 35, 36, 37, 38, 39, 40]
A = [(1, 12), (12, 1), (1, 22), (22, 1), (2, 10), (10, 2), (2, 14), (14, 2), (2, 27), (27, 2), (2, 28), (28, 2), (2, 40), (40, 2), (3, 17), (17, 3), (3, 38), (38, 3), (4, 9), (9, 4), (5, 10), (10, 5), (5, 17), (17, 5), (5, 31), (31, 5), (6, 18), (18, 6), (8, 30), (30, 8), (9, 11), (11, 9), (9, 40), (40, 9), (11, 12), (12, 11), (11, 30), (30, 11), (11, 33), (33, 11), (13, 35), (35, 13), (14, 27), (27, 14), (14, 29), (29, 14), (15, 35), (35, 15), (16, 30), (30, 16), (16, 37), (37, 16), (18, 22), (22, 18), (21, 31), (31, 21), (21, 34), (34, 21), (25, 34), (34, 25), (26, 30), (30, 26), (29, 31), (31, 29), (30, 38), (38, 30), (31, 36), (36, 31), (31, 40), (40, 31), (32, 38), (38, 32), (32, 40), (40, 32), (33, 35), (35, 33), (36, 40), (40, 36)]
Z_dad = [30]
Y_dad = [40]
X_dad = [9]
Z_da-ad = [11]
Y_da-ad = [38]
X_da-ad = [30]
