no              #fail
4.173           #totTm
1.571           #lastADTm
3               #itDAD
0.000           #avItADGoal
0               #itADOpt
30              #opt
30              #optDA-AD
0.866           #tmDA
0.0             #relGain

V = [1, 2, 3, 4, 5, 6, 7, 8, 9, 10, 11, 12, 13, 14, 15, 16, 17, 18, 19, 20, 21, 22, 23, 24, 25, 26, 27, 28, 29, 30, 31, 32, 33, 34, 35, 36, 37, 38, 39, 40]
A = [(1, 21), (21, 1), (1, 29), (29, 1), (1, 35), (35, 1), (2, 21), (21, 2), (3, 8), (8, 3), (4, 27), (27, 4), (5, 24), (24, 5), (5, 32), (32, 5), (5, 38), (38, 5), (5, 40), (40, 5), (6, 13), (13, 6), (7, 27), (27, 7), (7, 33), (33, 7), (8, 14), (14, 8), (10, 11), (11, 10), (10, 16), (16, 10), (10, 23), (23, 10), (12, 15), (15, 12), (12, 23), (23, 12), (12, 37), (37, 12), (13, 23), (23, 13), (15, 16), (16, 15), (15, 23), (23, 15), (15, 32), (32, 15), (16, 23), (23, 16), (16, 28), (28, 16), (17, 40), (40, 17), (18, 20), (20, 18), (19, 38), (38, 19), (22, 40), (40, 22), (23, 24), (24, 23), (24, 36), (36, 24), (25, 38), (38, 25), (27, 32), (32, 27), (28, 37), (37, 28), (29, 32), (32, 29), (29, 33), (33, 29), (30, 36), (36, 30), (35, 39), (39, 35)]
Z_dad = [32]
Y_dad = [23]
X_dad = [24]
Z_da-ad = [32]
Y_da-ad = [23]
X_da-ad = [24]
