no              #fail
4.627           #totTm
1.206           #lastADTm
5               #itDAD
0.000           #avItADGoal
0               #itADOpt
21              #opt
18              #optDA-AD
0.62            #tmDA
14.3            #relGain

V = [1, 2, 3, 4, 5, 6, 7, 8, 9, 10, 11, 12, 13, 14, 15, 16, 17, 18, 19, 20, 21, 22, 23, 24, 25, 26, 27, 28, 29, 30, 31, 32, 33, 34, 35, 36, 37, 38, 39, 40]
A = [(1, 5), (5, 1), (1, 16), (16, 1), (1, 35), (35, 1), (1, 39), (39, 1), (2, 6), (6, 2), (2, 38), (38, 2), (3, 18), (18, 3), (4, 14), (14, 4), (4, 16), (16, 4), (4, 35), (35, 4), (5, 10), (10, 5), (5, 13), (13, 5), (5, 16), (16, 5), (5, 33), (33, 5), (5, 34), (34, 5), (7, 16), (16, 7), (7, 20), (20, 7), (7, 22), (22, 7), (8, 20), (20, 8), (9, 10), (10, 9), (9, 16), (16, 9), (9, 40), (40, 9), (10, 12), (12, 10), (10, 22), (22, 10), (10, 27), (27, 10), (11, 15), (15, 11), (13, 21), (21, 13), (13, 34), (34, 13), (14, 28), (28, 14), (15, 28), (28, 15), (17, 21), (21, 17), (17, 31), (31, 17), (18, 34), (34, 18), (22, 36), (36, 22), (27, 34), (34, 27), (28, 39), (39, 28), (31, 38), (38, 31), (32, 34), (34, 32), (33, 39), (39, 33)]
Z_dad = [5]
Y_dad = [10]
X_dad = [27]
Z_da-ad = [13]
Y_da-ad = [34]
X_da-ad = [28]
