no              #fail
3.911           #totTm
1.127           #lastADTm
3               #itDAD
0.000           #avItADGoal
0               #itADOpt
18              #opt
18              #optDA-AD
0.464           #tmDA
0.0             #relGain

V = [1, 2, 3, 4, 5, 6, 7, 8, 9, 10, 11, 12, 13, 14, 15, 16, 17, 18, 19, 20, 21, 22, 23, 24, 25, 26, 27, 28, 29, 30, 31, 32, 33, 34, 35, 36, 37, 38, 39, 40]
A = [(1, 2), (2, 1), (1, 32), (32, 1), (2, 24), (24, 2), (2, 25), (25, 2), (2, 30), (30, 2), (2, 34), (34, 2), (3, 5), (5, 3), (3, 9), (9, 3), (3, 16), (16, 3), (4, 12), (12, 4), (4, 28), (28, 4), (4, 29), (29, 4), (5, 13), (13, 5), (5, 26), (26, 5), (5, 34), (34, 5), (6, 13), (13, 6), (6, 29), (29, 6), (7, 12), (12, 7), (8, 21), (21, 8), (8, 24), (24, 8), (8, 30), (30, 8), (9, 14), (14, 9), (10, 11), (11, 10), (10, 20), (20, 10), (11, 19), (19, 11), (11, 25), (25, 11), (12, 23), (23, 12), (13, 18), (18, 13), (13, 21), (21, 13), (16, 39), (39, 16), (16, 40), (40, 16), (18, 30), (30, 18), (20, 23), (23, 20), (21, 31), (31, 21), (23, 24), (24, 23), (23, 32), (32, 23), (26, 29), (29, 26), (27, 36), (36, 27), (36, 38), (38, 36)]
Z_dad = [5]
Y_dad = [1]
X_dad = [12]
Z_da-ad = [5]
Y_da-ad = [1]
X_da-ad = [12]
