no              #fail
3.813           #totTm
0.630           #lastADTm
3               #itDAD
0.000           #avItADGoal
0               #itADOpt
17              #opt
16              #optDA-AD
0.463           #tmDA
5.9             #relGain

V = [1, 2, 3, 4, 5, 6, 7, 8, 9, 10, 11, 12, 13, 14, 15, 16, 17, 18, 19, 20, 21, 22, 23, 24, 25, 26, 27, 28, 29, 30, 31, 32, 33, 34, 35, 36, 37, 38, 39, 40]
A = [(1, 14), (14, 1), (3, 11), (11, 3), (3, 20), (20, 3), (4, 19), (19, 4), (5, 32), (32, 5), (6, 19), (19, 6), (6, 26), (26, 6), (9, 18), (18, 9), (10, 23), (23, 10), (11, 29), (29, 11), (12, 22), (22, 12), (12, 31), (31, 12), (13, 28), (28, 13), (14, 20), (20, 14), (14, 26), (26, 14), (14, 38), (38, 14), (15, 24), (24, 15), (16, 32), (32, 16), (17, 26), (26, 17), (17, 40), (40, 17), (18, 22), (22, 18), (18, 24), (24, 18), (18, 26), (26, 18), (18, 29), (29, 18), (19, 37), (37, 19), (20, 35), (35, 20), (22, 32), (32, 22), (24, 37), (37, 24), (24, 38), (38, 24), (25, 30), (30, 25), (26, 27), (27, 26), (26, 32), (32, 26), (26, 34), (34, 26), (28, 38), (38, 28), (30, 38), (38, 30), (31, 33), (33, 31), (32, 35), (35, 32), (34, 38), (38, 34), (35, 39), (39, 35)]
Z_dad = [26]
Y_dad = [24]
X_dad = [38]
Z_da-ad = [38]
Y_da-ad = [26]
X_da-ad = [22]
