no              #fail
2.904           #totTm
0.972           #lastADTm
3               #itDAD
0.000           #avItADGoal
0               #itADOpt
19              #opt
17              #optDA-AD
0.549           #tmDA
10.5            #relGain

V = [1, 2, 3, 4, 5, 6, 7, 8, 9, 10, 11, 12, 13, 14, 15, 16, 17, 18, 19, 20, 21, 22, 23, 24, 25, 26, 27, 28, 29, 30, 31, 32, 33, 34, 35, 36, 37, 38, 39, 40]
A = [(1, 25), (25, 1), (2, 7), (7, 2), (3, 25), (25, 3), (3, 40), (40, 3), (4, 22), (22, 4), (5, 6), (6, 5), (5, 27), (27, 5), (5, 34), (34, 5), (6, 9), (9, 6), (6, 17), (17, 6), (7, 15), (15, 7), (7, 30), (30, 7), (7, 39), (39, 7), (8, 18), (18, 8), (8, 36), (36, 8), (8, 39), (39, 8), (9, 36), (36, 9), (9, 37), (37, 9), (10, 14), (14, 10), (10, 16), (16, 10), (10, 34), (34, 10), (11, 36), (36, 11), (12, 19), (19, 12), (12, 29), (29, 12), (12, 37), (37, 12), (14, 23), (23, 14), (15, 34), (34, 15), (16, 33), (33, 16), (17, 29), (29, 17), (22, 32), (32, 22), (22, 40), (40, 22), (25, 34), (34, 25), (26, 30), (30, 26), (26, 32), (32, 26), (29, 35), (35, 29), (30, 39), (39, 30), (34, 39), (39, 34), (35, 36), (36, 35), (36, 40), (40, 36)]
Z_dad = [36]
Y_dad = [34]
X_dad = [5]
Z_da-ad = [34]
Y_da-ad = [36]
X_da-ad = [40]
