no              #fail
4.821           #totTm
1.068           #lastADTm
4               #itDAD
0.000           #avItADGoal
0               #itADOpt
24              #opt
21              #optDA-AD
0.461           #tmDA
12.5            #relGain

V = [1, 2, 3, 4, 5, 6, 7, 8, 9, 10, 11, 12, 13, 14, 15, 16, 17, 18, 19, 20, 21, 22, 23, 24, 25, 26, 27, 28, 29, 30, 31, 32, 33, 34, 35, 36, 37, 38, 39, 40]
A = [(1, 9), (9, 1), (1, 20), (20, 1), (2, 7), (7, 2), (3, 29), (29, 3), (3, 33), (33, 3), (4, 18), (18, 4), (4, 30), (30, 4), (5, 7), (7, 5), (5, 29), (29, 5), (7, 16), (16, 7), (7, 28), (28, 7), (7, 29), (29, 7), (7, 30), (30, 7), (8, 14), (14, 8), (8, 28), (28, 8), (10, 18), (18, 10), (11, 17), (17, 11), (12, 26), (26, 12), (12, 29), (29, 12), (13, 15), (15, 13), (13, 20), (20, 13), (13, 24), (24, 13), (14, 35), (35, 14), (14, 40), (40, 14), (16, 35), (35, 16), (17, 21), (21, 17), (18, 37), (37, 18), (19, 35), (35, 19), (19, 37), (37, 19), (20, 33), (33, 20), (22, 26), (26, 22), (22, 27), (27, 22), (26, 29), (29, 26), (26, 35), (35, 26), (30, 37), (37, 30), (30, 38), (38, 30), (32, 34), (34, 32), (34, 37), (37, 34), (36, 37), (37, 36)]
Z_dad = [7]
Y_dad = [35]
X_dad = [26]
Z_da-ad = [29]
Y_da-ad = [35]
X_da-ad = [26]
