no              #fail
3.372           #totTm
1.021           #lastADTm
3               #itDAD
0.000           #avItADGoal
0               #itADOpt
26              #opt
26              #optDA-AD
0.604           #tmDA
0.0             #relGain

V = [1, 2, 3, 4, 5, 6, 7, 8, 9, 10, 11, 12, 13, 14, 15, 16, 17, 18, 19, 20, 21, 22, 23, 24, 25, 26, 27, 28, 29, 30, 31, 32, 33, 34, 35, 36, 37, 38, 39, 40]
A = [(1, 6), (6, 1), (1, 15), (15, 1), (1, 23), (23, 1), (1, 30), (30, 1), (1, 40), (40, 1), (2, 5), (5, 2), (2, 10), (10, 2), (2, 20), (20, 2), (2, 21), (21, 2), (2, 27), (27, 2), (3, 4), (4, 3), (3, 31), (31, 3), (5, 10), (10, 5), (5, 16), (16, 5), (5, 29), (29, 5), (5, 36), (36, 5), (5, 39), (39, 5), (6, 29), (29, 6), (8, 25), (25, 8), (9, 21), (21, 9), (11, 16), (16, 11), (12, 15), (15, 12), (14, 18), (18, 14), (14, 32), (32, 14), (15, 17), (17, 15), (15, 33), (33, 15), (15, 35), (35, 15), (18, 33), (33, 18), (19, 32), (32, 19), (19, 35), (35, 19), (21, 40), (40, 21), (22, 28), (28, 22), (24, 26), (26, 24), (27, 30), (30, 27), (27, 34), (34, 27), (28, 38), (38, 28), (29, 37), (37, 29), (34, 36), (36, 34), (39, 40), (40, 39)]
Z_dad = [1]
Y_dad = [5]
X_dad = [29]
Z_da-ad = [1]
Y_da-ad = [5]
X_da-ad = [29]
