no              #fail
6.287           #totTm
1.559           #lastADTm
3               #itDAD
0.000           #avItADGoal
0               #itADOpt
29              #opt
29              #optDA-AD
1.033           #tmDA
0.0             #relGain

V = [1, 2, 3, 4, 5, 6, 7, 8, 9, 10, 11, 12, 13, 14, 15, 16, 17, 18, 19, 20, 21, 22, 23, 24, 25, 26, 27, 28, 29, 30, 31, 32, 33, 34, 35, 36, 37, 38, 39, 40]
A = [(1, 2), (2, 1), (1, 33), (33, 1), (2, 10), (10, 2), (2, 22), (22, 2), (2, 25), (25, 2), (3, 25), (25, 3), (3, 27), (27, 3), (4, 7), (7, 4), (4, 8), (8, 4), (4, 14), (14, 4), (4, 27), (27, 4), (5, 20), (20, 5), (5, 28), (28, 5), (5, 38), (38, 5), (5, 39), (39, 5), (6, 33), (33, 6), (7, 27), (27, 7), (8, 13), (13, 8), (8, 14), (14, 8), (9, 13), (13, 9), (9, 37), (37, 9), (10, 20), (20, 10), (11, 21), (21, 11), (15, 20), (20, 15), (16, 30), (30, 16), (17, 29), (29, 17), (18, 21), (21, 18), (18, 35), (35, 18), (20, 24), (24, 20), (20, 32), (32, 20), (20, 39), (39, 20), (21, 24), (24, 21), (22, 29), (29, 22), (24, 39), (39, 24), (25, 31), (31, 25), (26, 27), (27, 26), (26, 36), (36, 26), (29, 36), (36, 29), (34, 36), (36, 34)]
Z_dad = [2]
Y_dad = [27]
X_dad = [4]
Z_da-ad = [2]
Y_da-ad = [27]
X_da-ad = [4]
