no              #fail
4.183           #totTm
1.096           #lastADTm
4               #itDAD
0.000           #avItADGoal
0               #itADOpt
24              #opt
20              #optDA-AD
0.925           #tmDA
16.7            #relGain

V = [1, 2, 3, 4, 5, 6, 7, 8, 9, 10, 11, 12, 13, 14, 15, 16, 17, 18, 19, 20, 21, 22, 23, 24, 25, 26, 27, 28, 29, 30, 31, 32, 33, 34, 35, 36, 37, 38, 39, 40]
A = [(1, 8), (8, 1), (2, 17), (17, 2), (3, 12), (12, 3), (3, 29), (29, 3), (3, 34), (34, 3), (4, 30), (30, 4), (5, 17), (17, 5), (5, 39), (39, 5), (6, 29), (29, 6), (7, 21), (21, 7), (7, 31), (31, 7), (8, 22), (22, 8), (8, 24), (24, 8), (9, 24), (24, 9), (11, 12), (12, 11), (11, 21), (21, 11), (13, 22), (22, 13), (13, 32), (32, 13), (14, 15), (15, 14), (14, 38), (38, 14), (15, 25), (25, 15), (15, 39), (39, 15), (16, 21), (21, 16), (16, 35), (35, 16), (17, 21), (21, 17), (17, 22), (22, 17), (17, 33), (33, 17), (17, 40), (40, 17), (18, 31), (31, 18), (20, 40), (40, 20), (22, 25), (25, 22), (22, 34), (34, 22), (22, 39), (39, 22), (27, 36), (36, 27), (30, 34), (34, 30), (30, 37), (37, 30), (31, 37), (37, 31), (33, 35), (35, 33), (34, 35), (35, 34)]
Z_dad = [17]
Y_dad = [34]
X_dad = [22]
Z_da-ad = [22]
Y_da-ad = [17]
X_da-ad = [5]
