no              #fail
32.768          #totTm
8.676           #lastADTm
5               #itDAD
0.000           #avItADGoal
0               #itADOpt
26              #opt
23              #optDA-AD
2.657           #tmDA
11.5            #relGain

V = [1, 2, 3, 4, 5, 6, 7, 8, 9, 10, 11, 12, 13, 14, 15, 16, 17, 18, 19, 20, 21, 22, 23, 24, 25, 26, 27, 28, 29, 30, 31, 32, 33, 34, 35, 36, 37, 38, 39, 40]
A = [(1, 18), (18, 1), (1, 37), (37, 1), (2, 40), (40, 2), (4, 19), (19, 4), (4, 35), (35, 4), (5, 18), (18, 5), (5, 24), (24, 5), (6, 36), (36, 6), (7, 9), (9, 7), (7, 39), (39, 7), (8, 23), (23, 8), (8, 39), (39, 8), (9, 26), (26, 9), (9, 32), (32, 9), (9, 33), (33, 9), (9, 35), (35, 9), (10, 23), (23, 10), (11, 29), (29, 11), (11, 34), (34, 11), (11, 35), (35, 11), (12, 16), (16, 12), (12, 36), (36, 12), (13, 14), (14, 13), (13, 21), (21, 13), (13, 22), (22, 13), (13, 38), (38, 13), (14, 18), (18, 14), (14, 26), (26, 14), (14, 28), (28, 14), (14, 39), (39, 14), (20, 22), (22, 20), (20, 33), (33, 20), (21, 26), (26, 21), (21, 37), (37, 21), (26, 27), (27, 26), (26, 38), (38, 26), (29, 37), (37, 29), (35, 39), (39, 35), (36, 37), (37, 36)]
Z_dad = [14, 37]
Y_dad = [9, 24]
X_dad = [7, 35]
Z_da-ad = [35, 37]
Y_da-ad = [14, 36]
X_da-ad = [18, 39]
