no              #fail
53.575          #totTm
11.464          #lastADTm
7               #itDAD
0.000           #avItADGoal
0               #itADOpt
26              #opt
22              #optDA-AD
2.118           #tmDA
15.4            #relGain

V = [1, 2, 3, 4, 5, 6, 7, 8, 9, 10, 11, 12, 13, 14, 15, 16, 17, 18, 19, 20, 21, 22, 23, 24, 25, 26, 27, 28, 29, 30, 31, 32, 33, 34, 35, 36, 37, 38, 39, 40]
A = [(1, 9), (9, 1), (1, 14), (14, 1), (2, 13), (13, 2), (2, 22), (22, 2), (3, 8), (8, 3), (3, 39), (39, 3), (4, 10), (10, 4), (4, 18), (18, 4), (4, 26), (26, 4), (6, 8), (8, 6), (6, 40), (40, 6), (7, 32), (32, 7), (8, 12), (12, 8), (8, 28), (28, 8), (8, 30), (30, 8), (8, 38), (38, 8), (10, 15), (15, 10), (11, 16), (16, 11), (12, 27), (27, 12), (12, 37), (37, 12), (13, 33), (33, 13), (14, 18), (18, 14), (15, 19), (19, 15), (15, 20), (20, 15), (15, 30), (30, 15), (18, 28), (28, 18), (18, 37), (37, 18), (20, 39), (39, 20), (20, 40), (40, 20), (21, 32), (32, 21), (25, 40), (40, 25), (26, 38), (38, 26), (27, 35), (35, 27), (28, 40), (40, 28), (29, 37), (37, 29), (30, 34), (34, 30), (31, 34), (34, 31), (31, 40), (40, 31), (33, 37), (37, 33)]
Z_dad = [8, 37]
Y_dad = [1, 15]
X_dad = [4, 40]
Z_da-ad = [12, 18]
Y_da-ad = [15, 33]
X_da-ad = [13, 37]
