no              #fail
52.942          #totTm
11.236          #lastADTm
6               #itDAD
0.000           #avItADGoal
0               #itADOpt
29              #opt
27              #optDA-AD
3.475           #tmDA
6.9             #relGain

V = [1, 2, 3, 4, 5, 6, 7, 8, 9, 10, 11, 12, 13, 14, 15, 16, 17, 18, 19, 20, 21, 22, 23, 24, 25, 26, 27, 28, 29, 30, 31, 32, 33, 34, 35, 36, 37, 38, 39, 40]
A = [(2, 12), (12, 2), (2, 28), (28, 2), (3, 9), (9, 3), (4, 16), (16, 4), (4, 24), (24, 4), (5, 28), (28, 5), (6, 13), (13, 6), (6, 19), (19, 6), (6, 20), (20, 6), (6, 26), (26, 6), (7, 16), (16, 7), (7, 18), (18, 7), (8, 24), (24, 8), (8, 34), (34, 8), (9, 22), (22, 9), (9, 39), (39, 9), (10, 27), (27, 10), (10, 40), (40, 10), (11, 26), (26, 11), (12, 21), (21, 12), (12, 30), (30, 12), (12, 32), (32, 12), (17, 31), (31, 17), (17, 38), (38, 17), (18, 29), (29, 18), (19, 31), (31, 19), (19, 37), (37, 19), (20, 26), (26, 20), (21, 28), (28, 21), (22, 39), (39, 22), (23, 25), (25, 23), (23, 26), (26, 23), (25, 31), (31, 25), (26, 31), (31, 26), (28, 31), (31, 28), (28, 32), (32, 28), (28, 34), (34, 28), (31, 39), (39, 31), (32, 37), (37, 32)]
Z_dad = [28, 31]
Y_dad = [4, 6]
X_dad = [19, 26]
Z_da-ad = [19, 28]
Y_da-ad = [16, 31]
X_da-ad = [26, 39]
