no              #fail
39.994          #totTm
10.386          #lastADTm
5               #itDAD
0.000           #avItADGoal
0               #itADOpt
28              #opt
23              #optDA-AD
3.227           #tmDA
17.9            #relGain

V = [1, 2, 3, 4, 5, 6, 7, 8, 9, 10, 11, 12, 13, 14, 15, 16, 17, 18, 19, 20, 21, 22, 23, 24, 25, 26, 27, 28, 29, 30, 31, 32, 33, 34, 35, 36, 37, 38, 39, 40]
A = [(1, 4), (4, 1), (1, 24), (24, 1), (1, 29), (29, 1), (1, 40), (40, 1), (3, 9), (9, 3), (3, 35), (35, 3), (4, 6), (6, 4), (4, 9), (9, 4), (5, 24), (24, 5), (5, 27), (27, 5), (5, 29), (29, 5), (5, 37), (37, 5), (6, 12), (12, 6), (6, 17), (17, 6), (6, 21), (21, 6), (6, 24), (24, 6), (6, 35), (35, 6), (7, 40), (40, 7), (8, 25), (25, 8), (9, 14), (14, 9), (9, 25), (25, 9), (9, 36), (36, 9), (12, 29), (29, 12), (13, 16), (16, 13), (14, 35), (35, 14), (15, 33), (33, 15), (15, 36), (36, 15), (16, 28), (28, 16), (16, 39), (39, 16), (17, 26), (26, 17), (20, 23), (23, 20), (23, 37), (37, 23), (24, 30), (30, 24), (25, 32), (32, 25), (25, 36), (36, 25), (26, 37), (37, 26), (31, 37), (37, 31), (34, 35), (35, 34), (35, 40), (40, 35)]
Z_dad = [6, 9]
Y_dad = [1, 37]
X_dad = [5, 40]
Z_da-ad = [9, 37]
Y_da-ad = [6, 36]
X_da-ad = [1, 35]
