no              #fail
49.937          #totTm
9.378           #lastADTm
7               #itDAD
0.000           #avItADGoal
0               #itADOpt
27              #opt
26              #optDA-AD
1.882           #tmDA
3.7             #relGain

V = [1, 2, 3, 4, 5, 6, 7, 8, 9, 10, 11, 12, 13, 14, 15, 16, 17, 18, 19, 20, 21, 22, 23, 24, 25, 26, 27, 28, 29, 30, 31, 32, 33, 34, 35, 36, 37, 38, 39, 40]
A = [(1, 8), (8, 1), (1, 9), (9, 1), (2, 9), (9, 2), (3, 27), (27, 3), (4, 25), (25, 4), (5, 6), (6, 5), (5, 19), (19, 5), (6, 31), (31, 6), (6, 33), (33, 6), (7, 14), (14, 7), (7, 32), (32, 7), (7, 36), (36, 7), (7, 40), (40, 7), (8, 14), (14, 8), (9, 37), (37, 9), (10, 15), (15, 10), (12, 14), (14, 12), (12, 31), (31, 12), (12, 32), (32, 12), (13, 24), (24, 13), (14, 23), (23, 14), (14, 40), (40, 14), (15, 16), (16, 15), (17, 33), (33, 17), (18, 23), (23, 18), (18, 32), (32, 18), (19, 32), (32, 19), (19, 34), (34, 19), (22, 26), (26, 22), (24, 26), (26, 24), (25, 26), (26, 25), (25, 35), (35, 25), (25, 39), (39, 25), (26, 27), (27, 26), (26, 32), (32, 26), (26, 38), (38, 26), (28, 38), (38, 28), (30, 33), (33, 30), (39, 40), (40, 39)]
Z_dad = [14, 26]
Y_dad = [8, 32]
X_dad = [1, 7]
Z_da-ad = [14, 32]
Y_da-ad = [6, 26]
X_da-ad = [25, 33]
