no              #fail
42.093          #totTm
7.741           #lastADTm
6               #itDAD
0.000           #avItADGoal
0               #itADOpt
26              #opt
24              #optDA-AD
2.293           #tmDA
7.7             #relGain

V = [1, 2, 3, 4, 5, 6, 7, 8, 9, 10, 11, 12, 13, 14, 15, 16, 17, 18, 19, 20, 21, 22, 23, 24, 25, 26, 27, 28, 29, 30, 31, 32, 33, 34, 35, 36, 37, 38, 39, 40]
A = [(1, 24), (24, 1), (2, 8), (8, 2), (2, 18), (18, 2), (2, 20), (20, 2), (2, 39), (39, 2), (3, 16), (16, 3), (4, 6), (6, 4), (6, 10), (10, 6), (6, 25), (25, 6), (7, 32), (32, 7), (8, 29), (29, 8), (8, 34), (34, 8), (9, 13), (13, 9), (9, 16), (16, 9), (10, 31), (31, 10), (10, 35), (35, 10), (11, 27), (27, 11), (12, 14), (14, 12), (12, 22), (22, 12), (12, 39), (39, 12), (13, 16), (16, 13), (13, 20), (20, 13), (15, 23), (23, 15), (15, 25), (25, 15), (17, 30), (30, 17), (18, 23), (23, 18), (19, 23), (23, 19), (19, 28), (28, 19), (19, 32), (32, 19), (20, 39), (39, 20), (23, 37), (37, 23), (24, 25), (25, 24), (24, 31), (31, 24), (25, 28), (28, 25), (27, 32), (32, 27), (29, 34), (34, 29), (32, 34), (34, 32), (32, 39), (39, 32), (35, 38), (38, 35)]
Z_dad = [25, 39]
Y_dad = [2, 31]
X_dad = [8, 18]
Z_da-ad = [2, 32]
Y_da-ad = [13, 25]
X_da-ad = [6, 24]
