no              #fail
46.402          #totTm
8.250           #lastADTm
6               #itDAD
0.000           #avItADGoal
0               #itADOpt
27              #opt
26              #optDA-AD
2.657           #tmDA
3.7             #relGain

V = [1, 2, 3, 4, 5, 6, 7, 8, 9, 10, 11, 12, 13, 14, 15, 16, 17, 18, 19, 20, 21, 22, 23, 24, 25, 26, 27, 28, 29, 30, 31, 32, 33, 34, 35, 36, 37, 38, 39, 40]
A = [(2, 7), (7, 2), (2, 22), (22, 2), (3, 24), (24, 3), (4, 7), (7, 4), (4, 20), (20, 4), (4, 27), (27, 4), (5, 14), (14, 5), (5, 22), (22, 5), (5, 39), (39, 5), (6, 9), (9, 6), (6, 13), (13, 6), (6, 19), (19, 6), (7, 10), (10, 7), (7, 15), (15, 7), (7, 22), (22, 7), (7, 40), (40, 7), (8, 10), (10, 8), (8, 30), (30, 8), (8, 31), (31, 8), (9, 27), (27, 9), (9, 38), (38, 9), (11, 21), (21, 11), (12, 22), (22, 12), (12, 25), (25, 12), (14, 35), (35, 14), (15, 28), (28, 15), (15, 37), (37, 15), (16, 19), (19, 16), (16, 33), (33, 16), (18, 20), (20, 18), (18, 32), (32, 18), (18, 36), (36, 18), (19, 39), (39, 19), (20, 32), (32, 20), (20, 34), (34, 20), (26, 38), (38, 26), (27, 36), (36, 27), (28, 36), (36, 28), (29, 32), (32, 29)]
Z_dad = [5, 7]
Y_dad = [6, 36]
X_dad = [9, 19]
Z_da-ad = [7, 9]
Y_da-ad = [5, 36]
X_da-ad = [22, 39]
