no              #fail
41.213          #totTm
10.057          #lastADTm
5               #itDAD
0.000           #avItADGoal
0               #itADOpt
29              #opt
28              #optDA-AD
1.636           #tmDA
3.4             #relGain

V = [1, 2, 3, 4, 5, 6, 7, 8, 9, 10, 11, 12, 13, 14, 15, 16, 17, 18, 19, 20, 21, 22, 23, 24, 25, 26, 27, 28, 29, 30, 31, 32, 33, 34, 35, 36, 37, 38, 39, 40]
A = [(1, 13), (13, 1), (1, 15), (15, 1), (1, 27), (27, 1), (2, 9), (9, 2), (3, 5), (5, 3), (3, 32), (32, 3), (3, 39), (39, 3), (4, 5), (5, 4), (4, 21), (21, 4), (4, 22), (22, 4), (4, 23), (23, 4), (4, 28), (28, 4), (4, 32), (32, 4), (4, 38), (38, 4), (4, 39), (39, 4), (5, 35), (35, 5), (6, 23), (23, 6), (6, 26), (26, 6), (8, 35), (35, 8), (9, 17), (17, 9), (10, 32), (32, 10), (12, 32), (32, 12), (13, 38), (38, 13), (14, 31), (31, 14), (14, 34), (34, 14), (15, 30), (30, 15), (15, 38), (38, 15), (16, 22), (22, 16), (16, 35), (35, 16), (17, 30), (30, 17), (18, 22), (22, 18), (18, 29), (29, 18), (19, 30), (30, 19), (19, 35), (35, 19), (23, 36), (36, 23), (24, 27), (27, 24), (26, 28), (28, 26), (29, 36), (36, 29), (38, 40), (40, 38)]
Z_dad = [4, 30]
Y_dad = [26, 35]
X_dad = [5, 22]
Z_da-ad = [4, 35]
Y_da-ad = [15, 36]
X_da-ad = [29, 30]
