no              #fail
67.115          #totTm
8.277           #lastADTm
9               #itDAD
0.000           #avItADGoal
0               #itADOpt
25              #opt
25              #optDA-AD
2.267           #tmDA
0.0             #relGain

V = [1, 2, 3, 4, 5, 6, 7, 8, 9, 10, 11, 12, 13, 14, 15, 16, 17, 18, 19, 20, 21, 22, 23, 24, 25, 26, 27, 28, 29, 30, 31, 32, 33, 34, 35, 36, 37, 38, 39, 40]
A = [(1, 9), (9, 1), (2, 15), (15, 2), (2, 18), (18, 2), (2, 20), (20, 2), (3, 33), (33, 3), (3, 37), (37, 3), (3, 40), (40, 3), (4, 10), (10, 4), (4, 13), (13, 4), (4, 35), (35, 4), (5, 23), (23, 5), (6, 25), (25, 6), (6, 28), (28, 6), (6, 29), (29, 6), (7, 18), (18, 7), (7, 28), (28, 7), (9, 36), (36, 9), (9, 37), (37, 9), (11, 27), (27, 11), (11, 37), (37, 11), (11, 39), (39, 11), (12, 16), (16, 12), (12, 24), (24, 12), (12, 35), (35, 12), (13, 27), (27, 13), (13, 40), (40, 13), (14, 29), (29, 14), (16, 26), (26, 16), (18, 19), (19, 18), (19, 35), (35, 19), (20, 36), (36, 20), (21, 36), (36, 21), (22, 29), (29, 22), (23, 25), (25, 23), (26, 31), (31, 26), (26, 35), (35, 26), (27, 31), (31, 27), (31, 34), (34, 31), (32, 35), (35, 32)]
Z_dad = [18, 37]
Y_dad = [29, 35]
X_dad = [4, 26]
Z_da-ad = [18, 37]
Y_da-ad = [29, 35]
X_da-ad = [4, 26]
