no              #fail
63.032          #totTm
9.193           #lastADTm
8               #itDAD
0.000           #avItADGoal
0               #itADOpt
28              #opt
27              #optDA-AD
3.213           #tmDA
3.6             #relGain

V = [1, 2, 3, 4, 5, 6, 7, 8, 9, 10, 11, 12, 13, 14, 15, 16, 17, 18, 19, 20, 21, 22, 23, 24, 25, 26, 27, 28, 29, 30, 31, 32, 33, 34, 35, 36, 37, 38, 39, 40]
A = [(1, 37), (37, 1), (2, 7), (7, 2), (2, 13), (13, 2), (2, 32), (32, 2), (2, 33), (33, 2), (2, 34), (34, 2), (2, 39), (39, 2), (4, 38), (38, 4), (5, 39), (39, 5), (6, 34), (34, 6), (7, 13), (13, 7), (7, 28), (28, 7), (7, 32), (32, 7), (7, 36), (36, 7), (8, 12), (12, 8), (9, 16), (16, 9), (10, 31), (31, 10), (11, 13), (13, 11), (12, 33), (33, 12), (13, 29), (29, 13), (13, 33), (33, 13), (14, 35), (35, 14), (16, 22), (22, 16), (16, 25), (25, 16), (16, 30), (30, 16), (16, 32), (32, 16), (17, 22), (22, 17), (18, 30), (30, 18), (18, 39), (39, 18), (21, 23), (23, 21), (21, 25), (25, 21), (23, 25), (25, 23), (23, 33), (33, 23), (24, 34), (34, 24), (27, 40), (40, 27), (28, 31), (31, 28), (30, 37), (37, 30), (34, 40), (40, 34), (36, 37), (37, 36)]
Z_dad = [2, 16]
Y_dad = [33, 37]
X_dad = [7, 30]
Z_da-ad = [16, 33]
Y_da-ad = [2, 28]
X_da-ad = [7, 39]
