no              #fail
48.040          #totTm
7.219           #lastADTm
8               #itDAD
0.000           #avItADGoal
0               #itADOpt
23              #opt
21              #optDA-AD
3.685           #tmDA
8.7             #relGain

V = [1, 2, 3, 4, 5, 6, 7, 8, 9, 10, 11, 12, 13, 14, 15, 16, 17, 18, 19, 20, 21, 22, 23, 24, 25, 26, 27, 28, 29, 30, 31, 32, 33, 34, 35, 36, 37, 38, 39, 40]
A = [(1, 36), (36, 1), (2, 12), (12, 2), (2, 18), (18, 2), (4, 18), (18, 4), (5, 30), (30, 5), (5, 37), (37, 5), (6, 22), (22, 6), (6, 34), (34, 6), (7, 30), (30, 7), (7, 35), (35, 7), (7, 38), (38, 7), (9, 15), (15, 9), (10, 18), (18, 10), (10, 19), (19, 10), (10, 22), (22, 10), (10, 24), (24, 10), (10, 31), (31, 10), (11, 32), (32, 11), (11, 35), (35, 11), (12, 19), (19, 12), (12, 27), (27, 12), (12, 37), (37, 12), (15, 27), (27, 15), (16, 19), (19, 16), (17, 22), (22, 17), (18, 36), (36, 18), (19, 36), (36, 19), (19, 37), (37, 19), (23, 38), (38, 23), (24, 28), (28, 24), (26, 28), (28, 26), (26, 31), (31, 26), (26, 37), (37, 26), (28, 35), (35, 28), (32, 35), (35, 32), (33, 37), (37, 33), (34, 35), (35, 34), (34, 40), (40, 34), (36, 38), (38, 36)]
Z_dad = [35, 37]
Y_dad = [10, 23]
X_dad = [12, 22]
Z_da-ad = [22, 35]
Y_da-ad = [37, 40]
X_da-ad = [12, 18]
