no              #fail
86.727          #totTm
9.463           #lastADTm
10              #itDAD
0.000           #avItADGoal
0               #itADOpt
27              #opt
27              #optDA-AD
1.842           #tmDA
0.0             #relGain

V = [1, 2, 3, 4, 5, 6, 7, 8, 9, 10, 11, 12, 13, 14, 15, 16, 17, 18, 19, 20, 21, 22, 23, 24, 25, 26, 27, 28, 29, 30, 31, 32, 33, 34, 35, 36, 37, 38, 39, 40]
A = [(1, 23), (23, 1), (2, 7), (7, 2), (2, 27), (27, 2), (3, 13), (13, 3), (4, 26), (26, 4), (5, 35), (35, 5), (5, 38), (38, 5), (6, 14), (14, 6), (6, 15), (15, 6), (7, 31), (31, 7), (8, 20), (20, 8), (8, 32), (32, 8), (8, 40), (40, 8), (10, 36), (36, 10), (11, 21), (21, 11), (12, 21), (21, 12), (12, 22), (22, 12), (12, 28), (28, 12), (13, 17), (17, 13), (14, 23), (23, 14), (15, 22), (22, 15), (15, 35), (35, 15), (16, 18), (18, 16), (16, 38), (38, 16), (17, 35), (35, 17), (18, 20), (20, 18), (18, 28), (28, 18), (19, 23), (23, 19), (19, 37), (37, 19), (19, 40), (40, 19), (20, 24), (24, 20), (20, 26), (26, 20), (20, 30), (30, 20), (24, 39), (39, 24), (25, 35), (35, 25), (26, 33), (33, 26), (27, 29), (29, 27), (28, 32), (32, 28), (29, 33), (33, 29)]
Z_dad = [15, 20]
Y_dad = [27, 28]
X_dad = [18, 32]
Z_da-ad = [20, 35]
Y_da-ad = [26, 28]
X_da-ad = [12, 32]
