no              #fail
71.702          #totTm
10.276          #lastADTm
8               #itDAD
0.000           #avItADGoal
0               #itADOpt
28              #opt
28              #optDA-AD
1.701           #tmDA
0.0             #relGain

V = [1, 2, 3, 4, 5, 6, 7, 8, 9, 10, 11, 12, 13, 14, 15, 16, 17, 18, 19, 20, 21, 22, 23, 24, 25, 26, 27, 28, 29, 30, 31, 32, 33, 34, 35, 36, 37, 38, 39, 40]
A = [(1, 3), (3, 1), (2, 20), (20, 2), (2, 22), (22, 2), (2, 36), (36, 2), (3, 24), (24, 3), (4, 13), (13, 4), (4, 17), (17, 4), (4, 39), (39, 4), (5, 25), (25, 5), (6, 29), (29, 6), (7, 12), (12, 7), (7, 27), (27, 7), (8, 36), (36, 8), (8, 39), (39, 8), (10, 16), (16, 10), (10, 40), (40, 10), (11, 19), (19, 11), (11, 25), (25, 11), (12, 20), (20, 12), (13, 18), (18, 13), (13, 25), (25, 13), (13, 29), (29, 13), (13, 38), (38, 13), (15, 29), (29, 15), (16, 18), (18, 16), (16, 22), (22, 16), (16, 33), (33, 16), (18, 32), (32, 18), (20, 29), (29, 20), (20, 38), (38, 20), (22, 28), (28, 22), (22, 36), (36, 22), (23, 35), (35, 23), (25, 37), (37, 25), (28, 36), (36, 28), (29, 32), (32, 29), (30, 35), (35, 30), (31, 32), (32, 31), (32, 40), (40, 32)]
Z_dad = [13, 29]
Y_dad = [19, 22]
X_dad = [2, 16]
Z_da-ad = [13, 36]
Y_da-ad = [10, 20]
X_da-ad = [12, 29]
