no              #fail
45.241          #totTm
13.868          #lastADTm
5               #itDAD
0.000           #avItADGoal
0               #itADOpt
26              #opt
26              #optDA-AD
1.615           #tmDA
0.0             #relGain

V = [1, 2, 3, 4, 5, 6, 7, 8, 9, 10, 11, 12, 13, 14, 15, 16, 17, 18, 19, 20, 21, 22, 23, 24, 25, 26, 27, 28, 29, 30, 31, 32, 33, 34, 35, 36, 37, 38, 39, 40]
A = [(1, 8), (8, 1), (2, 14), (14, 2), (2, 17), (17, 2), (2, 34), (34, 2), (3, 6), (6, 3), (3, 10), (10, 3), (3, 19), (19, 3), (4, 16), (16, 4), (5, 14), (14, 5), (5, 30), (30, 5), (5, 35), (35, 5), (6, 8), (8, 6), (6, 22), (22, 6), (6, 34), (34, 6), (6, 39), (39, 6), (7, 29), (29, 7), (7, 33), (33, 7), (9, 17), (17, 9), (10, 21), (21, 10), (12, 16), (16, 12), (12, 21), (21, 12), (12, 30), (30, 12), (16, 27), (27, 16), (18, 22), (22, 18), (18, 40), (40, 18), (19, 40), (40, 19), (21, 26), (26, 21), (22, 26), (26, 22), (22, 33), (33, 22), (23, 33), (33, 23), (25, 39), (39, 25), (27, 30), (30, 27), (27, 33), (33, 27), (29, 31), (31, 29), (29, 32), (32, 29), (31, 39), (39, 31), (33, 36), (36, 33), (33, 37), (37, 33), (35, 40), (40, 35)]
Z_dad = [6, 33]
Y_dad = [14, 21]
X_dad = [5, 12]
Z_da-ad = [6, 33]
Y_da-ad = [14, 21]
X_da-ad = [5, 12]
