no              #fail
97.939          #totTm
9.683           #lastADTm
12              #itDAD
0.000           #avItADGoal
0               #itADOpt
26              #opt
26              #optDA-AD
3.551           #tmDA
0.0             #relGain

V = [1, 2, 3, 4, 5, 6, 7, 8, 9, 10, 11, 12, 13, 14, 15, 16, 17, 18, 19, 20, 21, 22, 23, 24, 25, 26, 27, 28, 29, 30, 31, 32, 33, 34, 35, 36, 37, 38, 39, 40]
A = [(1, 12), (12, 1), (1, 14), (14, 1), (1, 21), (21, 1), (1, 26), (26, 1), (2, 13), (13, 2), (2, 25), (25, 2), (3, 20), (20, 3), (3, 34), (34, 3), (4, 8), (8, 4), (4, 14), (14, 4), (6, 10), (10, 6), (6, 22), (22, 6), (7, 9), (9, 7), (8, 13), (13, 8), (8, 16), (16, 8), (9, 11), (11, 9), (9, 36), (36, 9), (10, 27), (27, 10), (10, 38), (38, 10), (11, 23), (23, 11), (12, 32), (32, 12), (13, 16), (16, 13), (14, 21), (21, 14), (16, 39), (39, 16), (17, 20), (20, 17), (19, 21), (21, 19), (19, 38), (38, 19), (21, 24), (24, 21), (23, 26), (26, 23), (23, 36), (36, 23), (25, 28), (28, 25), (25, 40), (40, 25), (26, 31), (31, 26), (26, 38), (38, 26), (27, 29), (29, 27), (29, 32), (32, 29), (32, 40), (40, 32), (36, 39), (39, 36), (37, 38), (38, 37)]
Z_dad = [32, 38]
Y_dad = [26, 28]
X_dad = [1, 8]
Z_da-ad = [32, 38]
Y_da-ad = [26, 28]
X_da-ad = [1, 8]
