no              #fail
62.724          #totTm
10.340          #lastADTm
8               #itDAD
0.000           #avItADGoal
0               #itADOpt
26              #opt
25              #optDA-AD
1.894           #tmDA
3.8             #relGain

V = [1, 2, 3, 4, 5, 6, 7, 8, 9, 10, 11, 12, 13, 14, 15, 16, 17, 18, 19, 20, 21, 22, 23, 24, 25, 26, 27, 28, 29, 30, 31, 32, 33, 34, 35, 36, 37, 38, 39, 40]
A = [(1, 7), (7, 1), (2, 25), (25, 2), (2, 27), (27, 2), (3, 27), (27, 3), (5, 8), (8, 5), (5, 35), (35, 5), (6, 19), (19, 6), (6, 33), (33, 6), (7, 9), (9, 7), (7, 26), (26, 7), (9, 16), (16, 9), (9, 36), (36, 9), (11, 21), (21, 11), (11, 28), (28, 11), (11, 34), (34, 11), (12, 18), (18, 12), (12, 19), (19, 12), (13, 20), (20, 13), (14, 16), (16, 14), (15, 23), (23, 15), (15, 29), (29, 15), (16, 40), (40, 16), (17, 23), (23, 17), (17, 25), (25, 17), (17, 36), (36, 17), (19, 35), (35, 19), (21, 39), (39, 21), (23, 34), (34, 23), (24, 40), (40, 24), (25, 32), (32, 25), (26, 30), (30, 26), (26, 40), (40, 26), (28, 31), (31, 28), (29, 35), (35, 29), (31, 33), (33, 31), (32, 37), (37, 32), (33, 39), (39, 33), (35, 38), (38, 35), (35, 39), (39, 35)]
Z_dad = [33, 35]
Y_dad = [26, 34]
X_dad = [9, 23]
Z_da-ad = [17, 35]
Y_da-ad = [7, 33]
X_da-ad = [6, 11]
