no              #fail
62.262          #totTm
11.566          #lastADTm
7               #itDAD
0.000           #avItADGoal
0               #itADOpt
28              #opt
28              #optDA-AD
2.399           #tmDA
0.0             #relGain

V = [1, 2, 3, 4, 5, 6, 7, 8, 9, 10, 11, 12, 13, 14, 15, 16, 17, 18, 19, 20, 21, 22, 23, 24, 25, 26, 27, 28, 29, 30, 31, 32, 33, 34, 35, 36, 37, 38, 39, 40]
A = [(1, 35), (35, 1), (2, 23), (23, 2), (3, 13), (13, 3), (3, 25), (25, 3), (3, 28), (28, 3), (4, 11), (11, 4), (5, 34), (34, 5), (5, 35), (35, 5), (6, 20), (20, 6), (8, 9), (9, 8), (8, 28), (28, 8), (8, 36), (36, 8), (9, 11), (11, 9), (9, 22), (22, 9), (10, 20), (20, 10), (10, 22), (22, 10), (11, 12), (12, 11), (12, 24), (24, 12), (13, 29), (29, 13), (13, 33), (33, 13), (14, 20), (20, 14), (15, 25), (25, 15), (16, 18), (18, 16), (16, 19), (19, 16), (16, 20), (20, 16), (16, 38), (38, 16), (17, 23), (23, 17), (17, 26), (26, 17), (18, 33), (33, 18), (19, 24), (24, 19), (27, 28), (28, 27), (27, 37), (37, 27), (29, 39), (39, 29), (30, 35), (35, 30), (32, 36), (36, 32), (33, 39), (39, 33), (34, 37), (37, 34), (35, 40), (40, 35), (36, 37), (37, 36)]
Z_dad = [9, 16]
Y_dad = [3, 35]
X_dad = [5, 28]
Z_da-ad = [9, 16]
Y_da-ad = [3, 35]
X_da-ad = [5, 28]
