no              #fail
72.578          #totTm
10.155          #lastADTm
8               #itDAD
0.000           #avItADGoal
0               #itADOpt
30              #opt
28              #optDA-AD
4.564           #tmDA
6.7             #relGain

V = [1, 2, 3, 4, 5, 6, 7, 8, 9, 10, 11, 12, 13, 14, 15, 16, 17, 18, 19, 20, 21, 22, 23, 24, 25, 26, 27, 28, 29, 30, 31, 32, 33, 34, 35, 36, 37, 38, 39, 40]
A = [(1, 11), (11, 1), (1, 13), (13, 1), (1, 23), (23, 1), (2, 39), (39, 2), (3, 11), (11, 3), (3, 20), (20, 3), (3, 25), (25, 3), (4, 20), (20, 4), (4, 25), (25, 4), (5, 16), (16, 5), (6, 36), (36, 6), (6, 38), (38, 6), (8, 10), (10, 8), (8, 21), (21, 8), (8, 28), (28, 8), (9, 18), (18, 9), (9, 20), (20, 9), (9, 40), (40, 9), (10, 39), (39, 10), (13, 19), (19, 13), (13, 20), (20, 13), (14, 29), (29, 14), (14, 36), (36, 14), (15, 17), (17, 15), (15, 24), (24, 15), (15, 34), (34, 15), (16, 27), (27, 16), (16, 33), (33, 16), (16, 35), (35, 16), (18, 25), (25, 18), (22, 25), (25, 22), (24, 30), (30, 24), (24, 38), (38, 24), (27, 32), (32, 27), (27, 33), (33, 27), (32, 33), (33, 32), (36, 37), (37, 36), (36, 40), (40, 36), (37, 39), (39, 37)]
Z_dad = [20, 36]
Y_dad = [10, 25]
X_dad = [3, 8]
Z_da-ad = [9, 36]
Y_da-ad = [10, 20]
X_da-ad = [25, 39]
