no              #fail
35.257          #totTm
8.814           #lastADTm
5               #itDAD
0.000           #avItADGoal
0               #itADOpt
24              #opt
22              #optDA-AD
4.03            #tmDA
8.3             #relGain

V = [1, 2, 3, 4, 5, 6, 7, 8, 9, 10, 11, 12, 13, 14, 15, 16, 17, 18, 19, 20, 21, 22, 23, 24, 25, 26, 27, 28, 29, 30, 31, 32, 33, 34, 35, 36, 37, 38, 39, 40]
A = [(3, 28), (28, 3), (3, 37), (37, 3), (3, 39), (39, 3), (4, 15), (15, 4), (4, 20), (20, 4), (5, 15), (15, 5), (5, 22), (22, 5), (5, 26), (26, 5), (5, 38), (38, 5), (9, 18), (18, 9), (9, 34), (34, 9), (11, 27), (27, 11), (11, 29), (29, 11), (11, 32), (32, 11), (11, 38), (38, 11), (11, 40), (40, 11), (12, 22), (22, 12), (13, 21), (21, 13), (13, 27), (27, 13), (14, 20), (20, 14), (16, 20), (20, 16), (16, 27), (27, 16), (16, 38), (38, 16), (18, 29), (29, 18), (18, 30), (30, 18), (20, 21), (21, 20), (20, 38), (38, 20), (21, 30), (30, 21), (22, 26), (26, 22), (23, 40), (40, 23), (25, 32), (32, 25), (26, 38), (38, 26), (27, 37), (37, 27), (29, 33), (33, 29), (29, 36), (36, 29), (30, 36), (36, 30), (33, 37), (37, 33), (36, 37), (37, 36), (36, 38), (38, 36)]
Z_dad = [11, 37]
Y_dad = [5, 18]
X_dad = [16, 21]
Z_da-ad = [3, 11]
Y_da-ad = [25, 38]
X_da-ad = [5, 20]
