no              #fail
45.161          #totTm
7.714           #lastADTm
6               #itDAD
0.000           #avItADGoal
0               #itADOpt
26              #opt
24              #optDA-AD
2.404           #tmDA
7.7             #relGain

V = [1, 2, 3, 4, 5, 6, 7, 8, 9, 10, 11, 12, 13, 14, 15, 16, 17, 18, 19, 20, 21, 22, 23, 24, 25, 26, 27, 28, 29, 30, 31, 32, 33, 34, 35, 36, 37, 38, 39, 40]
A = [(1, 19), (19, 1), (1, 20), (20, 1), (1, 29), (29, 1), (1, 30), (30, 1), (2, 7), (7, 2), (2, 22), (22, 2), (2, 35), (35, 2), (3, 5), (5, 3), (5, 21), (21, 5), (5, 28), (28, 5), (5, 38), (38, 5), (6, 21), (21, 6), (6, 38), (38, 6), (7, 12), (12, 7), (7, 26), (26, 7), (8, 28), (28, 8), (11, 22), (22, 11), (11, 28), (28, 11), (11, 29), (29, 11), (11, 31), (31, 11), (11, 35), (35, 11), (12, 19), (19, 12), (12, 40), (40, 12), (13, 33), (33, 13), (13, 36), (36, 13), (14, 27), (27, 14), (14, 30), (30, 14), (15, 18), (18, 15), (16, 28), (28, 16), (17, 22), (22, 17), (17, 36), (36, 17), (18, 25), (25, 18), (18, 39), (39, 18), (19, 33), (33, 19), (20, 36), (36, 20), (22, 34), (34, 22), (28, 29), (29, 28), (32, 37), (37, 32), (33, 35), (35, 33)]
Z_dad = [1, 33]
Y_dad = [11, 25]
X_dad = [22, 28]
Z_da-ad = [1, 28]
Y_da-ad = [5, 33]
X_da-ad = [13, 22]
