no              #fail
1.816           #totTm
0.417           #lastADTm
3               #itDAD
0.000           #avItADGoal
0               #itADOpt
18              #opt
18              #optDA-AD
0.455           #tmDA
0.0             #relGain

V = [1, 2, 3, 4, 5, 6, 7, 8, 9, 10, 11, 12, 13, 14, 15, 16, 17, 18, 19, 20]
A = [(2, 18), (18, 2), (4, 14), (14, 4), (4, 20), (20, 4), (6, 15), (15, 6), (8, 16), (16, 8), (8, 18), (18, 8), (14, 16), (16, 14), (14, 18), (18, 14), (15, 20), (20, 15)]
Z_dad = [14]
Y_dad = [15]
X_dad = [20]
Z_da-ad = [14]
Y_da-ad = [15]
X_da-ad = [20]
