no              #fail
1.700           #totTm
0.391           #lastADTm
3               #itDAD
0.000           #avItADGoal
0               #itADOpt
18              #opt
18              #optDA-AD
0.566           #tmDA
0.0             #relGain

V = [1, 2, 3, 4, 5, 6, 7, 8, 9, 10, 11, 12, 13, 14, 15, 16, 17, 18, 19, 20]
A = [(2, 6), (6, 2), (2, 12), (12, 2), (3, 11), (11, 3), (5, 8), (8, 5), (7, 13), (13, 7), (8, 19), (19, 8), (10, 14), (14, 10), (14, 20), (20, 14), (19, 20), (20, 19)]
Z_dad = [19]
Y_dad = [2]
X_dad = [6]
Z_da-ad = [19]
Y_da-ad = [2]
X_da-ad = [6]
