no              #fail
1.817           #totTm
0.425           #lastADTm
3               #itDAD
0.000           #avItADGoal
0               #itADOpt
19              #opt
19              #optDA-AD
0.545           #tmDA
0.0             #relGain

V = [1, 2, 3, 4, 5, 6, 7, 8, 9, 10, 11, 12, 13, 14, 15, 16, 17, 18, 19, 20]
A = [(1, 20), (20, 1), (2, 15), (15, 2), (3, 14), (14, 3), (4, 16), (16, 4), (6, 10), (10, 6), (6, 17), (17, 6), (8, 19), (19, 8), (10, 11), (11, 10), (10, 14), (14, 10)]
Z_dad = [10]
Y_dad = [5]
X_dad = [1]
Z_da-ad = [10]
Y_da-ad = [5]
X_da-ad = [1]
