no              #fail
46.009          #totTm
5.572           #lastADTm
12              #itDAD
0.000           #avItADGoal
0               #itADOpt
15              #opt
15              #optDA-AD
3.984           #tmDA
0.0             #relGain

V = [1, 2, 3, 4, 5, 6, 7, 8, 9, 10, 11, 12, 13, 14, 15, 16, 17, 18, 19, 20]
A = [(1, 14), (14, 1), (2, 7), (7, 2), (3, 18), (18, 3), (4, 12), (12, 4), (6, 10), (10, 6), (6, 17), (17, 6), (10, 18), (18, 10), (14, 16), (16, 14), (15, 16), (16, 15)]
Z_dad = [4, 10, 16]
Y_dad = [1, 2, 6]
X_dad = [7]
Z_da-ad = [6, 16, 18]
Y_da-ad = [7, 12, 14]
X_da-ad = [2]
