no              #fail
23.685          #totTm
3.252           #lastADTm
7               #itDAD
0.000           #avItADGoal
0               #itADOpt
16              #opt
16              #optDA-AD
6.107           #tmDA
0.0             #relGain

V = [1, 2, 3, 4, 5, 6, 7, 8, 9, 10, 11, 12, 13, 14, 15, 16, 17, 18, 19, 20]
A = [(1, 18), (18, 1), (2, 14), (14, 2), (5, 7), (7, 5), (6, 7), (7, 6), (8, 12), (12, 8), (9, 12), (12, 9), (10, 17), (17, 10), (11, 12), (12, 11), (15, 18), (18, 15)]
Z_dad = [7, 12, 18]
Y_dad = [3, 10, 14]
X_dad = [2]
Z_da-ad = [7, 12, 18]
Y_da-ad = [3, 10, 14]
X_da-ad = [2]
