no              #fail
26.302          #totTm
4.300           #lastADTm
7               #itDAD
0.000           #avItADGoal
0               #itADOpt
16              #opt
16              #optDA-AD
3.756           #tmDA
0.0             #relGain

V = [1, 2, 3, 4, 5, 6, 7, 8, 9, 10, 11, 12, 13, 14, 15, 16, 17, 18, 19, 20]
A = [(1, 15), (15, 1), (2, 3), (3, 2), (2, 15), (15, 2), (4, 5), (5, 4), (4, 9), (9, 4), (4, 19), (19, 4), (6, 11), (11, 6), (8, 16), (16, 8), (11, 12), (12, 11)]
Z_dad = [4, 8, 11]
Y_dad = [9, 12, 15]
X_dad = [2]
Z_da-ad = [2, 4, 11]
Y_da-ad = [3, 8, 15]
X_da-ad = [1]
