no              #fail
37.965          #totTm
2.687           #lastADTm
13              #itDAD
0.000           #avItADGoal
0               #itADOpt
15              #opt
15              #optDA-AD
8.227           #tmDA
0.0             #relGain

V = [1, 2, 3, 4, 5, 6, 7, 8, 9, 10, 11, 12, 13, 14, 15, 16, 17, 18, 19, 20]
A = [(1, 16), (16, 1), (3, 13), (13, 3), (4, 17), (17, 4), (4, 18), (18, 4), (4, 20), (20, 4), (5, 7), (7, 5), (6, 12), (12, 6), (7, 15), (15, 7), (8, 18), (18, 8)]
Z_dad = [1, 4, 7]
Y_dad = [8, 12, 13]
X_dad = [3]
Z_da-ad = [4, 7, 8]
Y_da-ad = [1, 6, 13]
X_da-ad = [12]
