no              #fail
35.517          #totTm
3.245           #lastADTm
13              #itDAD
0.000           #avItADGoal
0               #itADOpt
16              #opt
16              #optDA-AD
3.514           #tmDA
0.0             #relGain

V = [1, 2, 3, 4, 5, 6, 7, 8, 9, 10, 11, 12, 13, 14, 15, 16, 17, 18, 19, 20]
A = [(2, 12), (12, 2), (3, 7), (7, 3), (4, 7), (7, 4), (4, 11), (11, 4), (4, 16), (16, 4), (6, 12), (12, 6), (9, 10), (10, 9), (10, 11), (11, 10), (14, 15), (15, 14)]
Z_dad = [4, 10, 12]
Y_dad = [2, 7, 14]
X_dad = [3]
Z_da-ad = [4, 10, 12]
Y_da-ad = [2, 7, 14]
X_da-ad = [3]
