no              #fail
22.464          #totTm
5.098           #lastADTm
5               #itDAD
0.000           #avItADGoal
0               #itADOpt
17              #opt
17              #optDA-AD
4.036           #tmDA
0.0             #relGain

V = [1, 2, 3, 4, 5, 6, 7, 8, 9, 10, 11, 12, 13, 14, 15, 16, 17, 18, 19, 20]
A = [(3, 4), (4, 3), (4, 13), (13, 4), (4, 20), (20, 4), (6, 16), (16, 6), (9, 14), (14, 9), (10, 15), (15, 10), (14, 15), (15, 14), (14, 20), (20, 14), (16, 20), (20, 16)]
Z_dad = [4, 14, 16]
Y_dad = [1, 2, 3]
X_dad = [10]
Z_da-ad = [4, 14, 16]
Y_da-ad = [1, 2, 3]
X_da-ad = [10]
