no              #fail
27.026          #totTm
3.048           #lastADTm
8               #itDAD
0.000           #avItADGoal
0               #itADOpt
16              #opt
16              #optDA-AD
4.961           #tmDA
0.0             #relGain

V = [1, 2, 3, 4, 5, 6, 7, 8, 9, 10, 11, 12, 13, 14, 15, 16, 17, 18, 19, 20]
A = [(2, 7), (7, 2), (5, 13), (13, 5), (6, 11), (11, 6), (8, 17), (17, 8), (8, 19), (19, 8), (9, 17), (17, 9), (12, 17), (17, 12), (13, 15), (15, 13), (13, 16), (16, 13)]
Z_dad = [2, 13, 17]
Y_dad = [3, 8, 11]
X_dad = [6]
Z_da-ad = [2, 13, 17]
Y_da-ad = [3, 8, 11]
X_da-ad = [6]
