no              #fail
49.590          #totTm
4.108           #lastADTm
14              #itDAD
0.000           #avItADGoal
0               #itADOpt
15              #opt
15              #optDA-AD
5.75            #tmDA
0.0             #relGain

V = [1, 2, 3, 4, 5, 6, 7, 8, 9, 10, 11, 12, 13, 14, 15, 16, 17, 18, 19, 20]
A = [(1, 4), (4, 1), (1, 18), (18, 1), (3, 8), (8, 3), (4, 8), (8, 4), (4, 11), (11, 4), (5, 20), (20, 5), (7, 15), (15, 7), (9, 14), (14, 9), (10, 11), (11, 10)]
Z_dad = [4, 7, 8]
Y_dad = [11, 14, 18]
X_dad = [1]
Z_da-ad = [1, 8, 11]
Y_da-ad = [5, 14, 15]
X_da-ad = [9]
