no              #fail
43.316          #totTm
1.991           #lastADTm
14              #itDAD
0.000           #avItADGoal
0               #itADOpt
15              #opt
15              #optDA-AD
8.044           #tmDA
0.0             #relGain

V = [1, 2, 3, 4, 5, 6, 7, 8, 9, 10, 11, 12, 13, 14, 15, 16, 17, 18, 19, 20]
A = [(2, 20), (20, 2), (4, 17), (17, 4), (5, 11), (11, 5), (8, 10), (10, 8), (8, 14), (14, 8), (9, 13), (13, 9), (10, 19), (19, 10), (12, 19), (19, 12), (17, 19), (19, 17)]
Z_dad = [8, 9, 19]
Y_dad = [2, 4, 5]
X_dad = [17]
Z_da-ad = [5, 14, 19]
Y_da-ad = [10, 13, 17]
X_da-ad = [4]
