no              #fail
38.377          #totTm
3.153           #lastADTm
10              #itDAD
0.000           #avItADGoal
0               #itADOpt
16              #opt
16              #optDA-AD
5.133           #tmDA
0.0             #relGain

V = [1, 2, 3, 4, 5, 6, 7, 8, 9, 10, 11, 12, 13, 14, 15, 16, 17, 18, 19, 20]
A = [(1, 10), (10, 1), (3, 18), (18, 3), (4, 8), (8, 4), (6, 7), (7, 6), (7, 8), (8, 7), (7, 10), (10, 7), (7, 14), (14, 7), (8, 13), (13, 8), (15, 20), (20, 15)]
Z_dad = [7, 8, 15]
Y_dad = [3, 5, 10]
X_dad = [1]
Z_da-ad = [7, 8, 10]
Y_da-ad = [2, 15, 18]
X_da-ad = [3]
