no              #fail
28.392          #totTm
2.614           #lastADTm
8               #itDAD
0.000           #avItADGoal
0               #itADOpt
16              #opt
16              #optDA-AD
4.119           #tmDA
0.0             #relGain

V = [1, 2, 3, 4, 5, 6, 7, 8, 9, 10, 11, 12, 13, 14, 15, 16, 17, 18, 19, 20]
A = [(1, 15), (15, 1), (2, 8), (8, 2), (2, 15), (15, 2), (8, 17), (17, 8), (8, 18), (18, 8), (9, 19), (19, 9), (10, 11), (11, 10), (13, 17), (17, 13), (15, 16), (16, 15)]
Z_dad = [8, 13, 15]
Y_dad = [3, 10, 19]
X_dad = [9]
Z_da-ad = [8, 9, 15]
Y_da-ad = [2, 11, 13]
X_da-ad = [10]
