no              #fail
25.071          #totTm
3.106           #lastADTm
8               #itDAD
0.000           #avItADGoal
0               #itADOpt
16              #opt
16              #optDA-AD
4.836           #tmDA
0.0             #relGain

V = [1, 2, 3, 4, 5, 6, 7, 8, 9, 10, 11, 12, 13, 14, 15, 16, 17, 18, 19, 20]
A = [(1, 13), (13, 1), (2, 17), (17, 2), (5, 12), (12, 5), (7, 12), (12, 7), (8, 10), (10, 8), (10, 16), (16, 10), (10, 19), (19, 10), (11, 13), (13, 11), (14, 18), (18, 14)]
Z_dad = [10, 12, 13]
Y_dad = [3, 14, 17]
X_dad = [2]
Z_da-ad = [10, 12, 13]
Y_da-ad = [3, 14, 17]
X_da-ad = [2]
