no              #fail
47.984          #totTm
2.453           #lastADTm
15              #itDAD
0.000           #avItADGoal
0               #itADOpt
15              #opt
15              #optDA-AD
6.339           #tmDA
0.0             #relGain

V = [1, 2, 3, 4, 5, 6, 7, 8, 9, 10, 11, 12, 13, 14, 15, 16, 17, 18, 19, 20]
A = [(2, 19), (19, 2), (3, 9), (9, 3), (4, 6), (6, 4), (6, 9), (9, 6), (6, 16), (16, 6), (7, 17), (17, 7), (7, 18), (18, 7), (8, 14), (14, 8), (10, 13), (13, 10)]
Z_dad = [6, 7, 19]
Y_dad = [9, 13, 14]
X_dad = [3]
Z_da-ad = [2, 6, 7]
Y_da-ad = [9, 13, 14]
X_da-ad = [3]
