no              #fail
66.677          #totTm
4.507           #lastADTm
17              #itDAD
0.000           #avItADGoal
0               #itADOpt
15              #opt
15              #optDA-AD
5.996           #tmDA
0.0             #relGain

V = [1, 2, 3, 4, 5, 6, 7, 8, 9, 10, 11, 12, 13, 14, 15, 16, 17, 18, 19, 20]
A = [(1, 17), (17, 1), (2, 15), (15, 2), (2, 20), (20, 2), (3, 4), (4, 3), (3, 13), (13, 3), (7, 11), (11, 7), (13, 14), (14, 13), (15, 17), (17, 15), (18, 20), (20, 18)]
Z_dad = [7, 15, 20]
Y_dad = [2, 13, 17]
X_dad = [3]
Z_da-ad = [2, 13, 17]
Y_da-ad = [4, 11, 18]
X_da-ad = [3]
