no              #fail
34.793          #totTm
2.442           #lastADTm
10              #itDAD
0.000           #avItADGoal
0               #itADOpt
15              #opt
15              #optDA-AD
4.985           #tmDA
0.0             #relGain

V = [1, 2, 3, 4, 5, 6, 7, 8, 9, 10, 11, 12, 13, 14, 15, 16, 17, 18, 19, 20]
A = [(2, 16), (16, 2), (3, 13), (13, 3), (4, 10), (10, 4), (5, 7), (7, 5), (5, 15), (15, 5), (6, 20), (20, 6), (10, 17), (17, 10), (13, 18), (18, 13), (18, 20), (20, 18)]
Z_dad = [5, 10, 18]
Y_dad = [6, 13, 16]
X_dad = [2]
Z_da-ad = [10, 13, 20]
Y_da-ad = [2, 5, 8]
X_da-ad = [15]
