no              #fail
34.029          #totTm
3.420           #lastADTm
10              #itDAD
0.000           #avItADGoal
0               #itADOpt
16              #opt
16              #optDA-AD
4.847           #tmDA
0.0             #relGain

V = [1, 2, 3, 4, 5, 6, 7, 8, 9, 10, 11, 12, 13, 14, 15, 16, 17, 18, 19, 20]
A = [(1, 10), (10, 1), (2, 8), (8, 2), (2, 14), (14, 2), (8, 19), (19, 8), (10, 20), (20, 10), (11, 17), (17, 11), (12, 13), (13, 12), (13, 19), (19, 13), (19, 20), (20, 19)]
Z_dad = [2, 10, 19]
Y_dad = [4, 12, 17]
X_dad = [11]
Z_da-ad = [2, 10, 19]
Y_da-ad = [4, 12, 17]
X_da-ad = [11]
