no              #fail
56.588          #totTm
3.871           #lastADTm
14              #itDAD
0.000           #avItADGoal
0               #itADOpt
15              #opt
15              #optDA-AD
10.34           #tmDA
0.0             #relGain

V = [1, 2, 3, 4, 5, 6, 7, 8, 9, 10, 11, 12, 13, 14, 15, 16, 17, 18, 19, 20]
A = [(4, 8), (8, 4), (5, 20), (20, 5), (7, 17), (17, 7), (9, 15), (15, 9), (9, 16), (16, 9), (9, 19), (19, 9), (11, 16), (16, 11), (12, 14), (14, 12), (13, 18), (18, 13)]
Z_dad = [4, 9, 16]
Y_dad = [14, 17, 18]
X_dad = [7]
Z_da-ad = [7, 9]
Y_da-ad = [4, 5, 13]
X_da-ad = [8]
