no              #fail
2.372           #totTm
0.535           #lastADTm
3               #itDAD
0.000           #avItADGoal
0               #itADOpt
18              #opt
18              #optDA-AD
0.595           #tmDA
0.0             #relGain

V = [1, 2, 3, 4, 5, 6, 7, 8, 9, 10, 11, 12, 13, 14, 15, 16, 17, 18, 19, 20]
A = [(1, 11), (11, 1), (2, 18), (18, 2), (3, 12), (12, 3), (4, 5), (5, 4), (5, 7), (7, 5), (9, 19), (19, 9), (11, 13), (13, 11), (11, 19), (19, 11), (12, 18), (18, 12)]
Z_dad = [11]
Y_dad = [18]
X_dad = [12]
Z_da-ad = [19]
Y_da-ad = [5]
X_da-ad = [4]
