no              #fail
3.111           #totTm
0.457           #lastADTm
5               #itDAD
0.000           #avItADGoal
0               #itADOpt
18              #opt
18              #optDA-AD
0.662           #tmDA
0.0             #relGain

V = [1, 2, 3, 4, 5, 6, 7, 8, 9, 10, 11, 12, 13, 14, 15, 16, 17, 18, 19, 20]
A = [(2, 5), (5, 2), (2, 18), (18, 2), (3, 12), (12, 3), (4, 15), (15, 4), (5, 6), (6, 5), (5, 18), (18, 5), (6, 15), (15, 6), (9, 11), (11, 9), (14, 15), (15, 14)]
Z_dad = [6]
Y_dad = [2]
X_dad = [5]
Z_da-ad = [6]
Y_da-ad = [2]
X_da-ad = [5]
