no              #fail
1.881           #totTm
0.441           #lastADTm
3               #itDAD
0.000           #avItADGoal
0               #itADOpt
18              #opt
18              #optDA-AD
0.579           #tmDA
0.0             #relGain

V = [1, 2, 3, 4, 5, 6, 7, 8, 9, 10, 11, 12, 13, 14, 15, 16, 17, 18, 19, 20]
A = [(2, 18), (18, 2), (4, 8), (8, 4), (6, 13), (13, 6), (6, 20), (20, 6), (7, 14), (14, 7), (11, 17), (17, 11), (13, 20), (20, 13), (15, 17), (17, 15), (18, 19), (19, 18)]
Z_dad = [17]
Y_dad = [13]
X_dad = [6]
Z_da-ad = [6]
Y_da-ad = [18]
X_da-ad = [19]
