no              #fail
2.324           #totTm
0.414           #lastADTm
3               #itDAD
0.000           #avItADGoal
0               #itADOpt
18              #opt
18              #optDA-AD
0.736           #tmDA
0.0             #relGain

V = [1, 2, 3, 4, 5, 6, 7, 8, 9, 10, 11, 12, 13, 14, 15, 16, 17, 18, 19, 20]
A = [(2, 15), (15, 2), (2, 17), (17, 2), (2, 19), (19, 2), (3, 4), (4, 3), (4, 9), (9, 4), (5, 13), (13, 5), (6, 18), (18, 6), (12, 17), (17, 12), (16, 19), (19, 16)]
Z_dad = [2]
Y_dad = [4]
X_dad = [9]
Z_da-ad = [2]
Y_da-ad = [4]
X_da-ad = [9]
