no              #fail
1.735           #totTm
0.467           #lastADTm
3               #itDAD
0.000           #avItADGoal
0               #itADOpt
18              #opt
18              #optDA-AD
0.438           #tmDA
0.0             #relGain

V = [1, 2, 3, 4, 5, 6, 7, 8, 9, 10, 11, 12, 13, 14, 15, 16, 17, 18, 19, 20]
A = [(1, 15), (15, 1), (2, 20), (20, 2), (3, 5), (5, 3), (3, 12), (12, 3), (4, 13), (13, 4), (6, 8), (8, 6), (6, 15), (15, 6), (10, 14), (14, 10), (12, 16), (16, 12)]
Z_dad = [12]
Y_dad = [15]
X_dad = [6]
Z_da-ad = [3]
Y_da-ad = [6]
X_da-ad = [15]
