no              #fail
2.121           #totTm
0.457           #lastADTm
3               #itDAD
0.000           #avItADGoal
0               #itADOpt
18              #opt
18              #optDA-AD
0.58            #tmDA
0.0             #relGain

V = [1, 2, 3, 4, 5, 6, 7, 8, 9, 10, 11, 12, 13, 14, 15, 16, 17, 18, 19, 20]
A = [(2, 17), (17, 2), (3, 8), (8, 3), (5, 17), (17, 5), (6, 12), (12, 6), (6, 13), (13, 6), (8, 16), (16, 8), (9, 10), (10, 9), (11, 13), (13, 11), (12, 18), (18, 12)]
Z_dad = [6]
Y_dad = [8]
X_dad = [3]
Z_da-ad = [6]
Y_da-ad = [8]
X_da-ad = [3]
