no              #fail
2.577           #totTm
0.510           #lastADTm
3               #itDAD
0.000           #avItADGoal
0               #itADOpt
18              #opt
18              #optDA-AD
0.633           #tmDA
0.0             #relGain

V = [1, 2, 3, 4, 5, 6, 7, 8, 9, 10, 11, 12, 13, 14, 15, 16, 17, 18, 19, 20]
A = [(1, 13), (13, 1), (1, 19), (19, 1), (2, 4), (4, 2), (2, 14), (14, 2), (3, 18), (18, 3), (7, 15), (15, 7), (9, 20), (20, 9), (12, 13), (13, 12), (17, 18), (18, 17)]
Z_dad = [2]
Y_dad = [18]
X_dad = [3]
Z_da-ad = [1]
Y_da-ad = [18]
X_da-ad = [17]
