no              #fail
1.938           #totTm
0.448           #lastADTm
3               #itDAD
0.000           #avItADGoal
0               #itADOpt
18              #opt
18              #optDA-AD
0.673           #tmDA
0.0             #relGain

V = [1, 2, 3, 4, 5, 6, 7, 8, 9, 10, 11, 12, 13, 14, 15, 16, 17, 18, 19, 20]
A = [(2, 6), (6, 2), (5, 8), (8, 5), (5, 12), (12, 5), (7, 11), (11, 7), (8, 13), (13, 8), (10, 12), (12, 10), (12, 18), (18, 12), (13, 14), (14, 13), (18, 20), (20, 18)]
Z_dad = [12]
Y_dad = [13]
X_dad = [8]
Z_da-ad = [5]
Y_da-ad = [12]
X_da-ad = [18]
