no              #fail
1.744           #totTm
0.355           #lastADTm
3               #itDAD
0.000           #avItADGoal
0               #itADOpt
17              #opt
17              #optDA-AD
0.793           #tmDA
0.0             #relGain

V = [1, 2, 3, 4, 5, 6, 7, 8, 9, 10, 11, 12, 13, 14, 15, 16, 17, 18, 19, 20]
A = [(2, 18), (18, 2), (3, 19), (19, 3), (6, 19), (19, 6), (8, 14), (14, 8), (8, 20), (20, 8), (10, 13), (13, 10), (11, 19), (19, 11), (12, 16), (16, 12), (13, 14), (14, 13)]
Z_dad = [14]
Y_dad = [19]
X_dad = [6]
Z_da-ad = [8]
Y_da-ad = [19]
X_da-ad = [3]
