no              #fail
1.787           #totTm
0.402           #lastADTm
3               #itDAD
0.000           #avItADGoal
0               #itADOpt
18              #opt
18              #optDA-AD
0.567           #tmDA
0.0             #relGain

V = [1, 2, 3, 4, 5, 6, 7, 8, 9, 10, 11, 12, 13, 14, 15, 16, 17, 18, 19, 20]
A = [(1, 13), (13, 1), (2, 16), (16, 2), (4, 7), (7, 4), (4, 15), (15, 4), (6, 16), (16, 6), (7, 8), (8, 7), (7, 19), (19, 7), (8, 9), (9, 8), (15, 19), (19, 15)]
Z_dad = [7]
Y_dad = [16]
X_dad = [2]
Z_da-ad = [7]
Y_da-ad = [16]
X_da-ad = [2]
