no              #fail
2.545           #totTm
0.348           #lastADTm
4               #itDAD
0.000           #avItADGoal
0               #itADOpt
17              #opt
17              #optDA-AD
0.844           #tmDA
0.0             #relGain

V = [1, 2, 3, 4, 5, 6, 7, 8, 9, 10, 11, 12, 13, 14, 15, 16, 17, 18, 19, 20]
A = [(1, 13), (13, 1), (3, 4), (4, 3), (4, 5), (5, 4), (4, 10), (10, 4), (6, 8), (8, 6), (6, 15), (15, 6), (8, 14), (14, 8), (10, 15), (15, 10), (14, 20), (20, 14)]
Z_dad = [4]
Y_dad = [8]
X_dad = [6]
Z_da-ad = [15]
Y_da-ad = [4]
X_da-ad = [5]
