no              #fail
262.687         #totTm
54.122          #lastADTm
6               #itDAD
0.000           #avItADGoal
0               #itADOpt
21              #opt
19              #optDA-AD
1.325           #tmDA
9.5             #relGain

V = [1, 2, 3, 4, 5, 6, 7, 8, 9, 10, 11, 12, 13, 14, 15, 16, 17, 18, 19, 20, 21, 22, 23, 24, 25, 26, 27, 28, 29, 30, 31, 32, 33, 34, 35, 36, 37, 38, 39, 40]
A = [(1, 17), (17, 1), (1, 34), (34, 1), (1, 36), (36, 1), (2, 31), (31, 2), (3, 18), (18, 3), (5, 28), (28, 5), (5, 33), (33, 5), (5, 36), (36, 5), (6, 13), (13, 6), (6, 18), (18, 6), (6, 19), (19, 6), (6, 28), (28, 6), (6, 37), (37, 6), (7, 12), (12, 7), (7, 27), (27, 7), (8, 34), (34, 8), (8, 36), (36, 8), (9, 18), (18, 9), (9, 22), (22, 9), (9, 25), (25, 9), (9, 36), (36, 9), (10, 30), (30, 10), (10, 40), (40, 10), (11, 22), (22, 11), (11, 36), (36, 11), (12, 33), (33, 12), (13, 22), (22, 13), (14, 26), (26, 14), (16, 32), (32, 16), (16, 34), (34, 16), (17, 19), (19, 17), (17, 40), (40, 17), (18, 23), (23, 18), (18, 37), (37, 18), (21, 23), (23, 21), (21, 30), (30, 21), (22, 35), (35, 22), (32, 40), (40, 32), (33, 38), (38, 33)]
Z_dad = [6]
Y_dad = [7, 9, 40]
X_dad = [10, 18, 22]
Z_da-ad = [33]
Y_da-ad = [21, 27, 36]
X_da-ad = [17, 30, 34]
