no              #fail
138.443         #totTm
38.684          #lastADTm
4               #itDAD
0.000           #avItADGoal
0               #itADOpt
21              #opt
18              #optDA-AD
1.738           #tmDA
14.3            #relGain

V = [1, 2, 3, 4, 5, 6, 7, 8, 9, 10, 11, 12, 13, 14, 15, 16, 17, 18, 19, 20, 21, 22, 23, 24, 25, 26, 27, 28, 29, 30, 31, 32, 33, 34, 35, 36, 37, 38, 39, 40]
A = [(2, 7), (7, 2), (2, 23), (23, 2), (2, 36), (36, 2), (4, 5), (5, 4), (4, 24), (24, 4), (5, 7), (7, 5), (5, 8), (8, 5), (5, 18), (18, 5), (5, 31), (31, 5), (6, 17), (17, 6), (6, 22), (22, 6), (6, 34), (34, 6), (7, 10), (10, 7), (7, 32), (32, 7), (8, 12), (12, 8), (8, 14), (14, 8), (8, 19), (19, 8), (8, 27), (27, 8), (8, 28), (28, 8), (10, 33), (33, 10), (11, 29), (29, 11), (12, 24), (24, 12), (13, 24), (24, 13), (14, 18), (18, 14), (14, 35), (35, 14), (16, 25), (25, 16), (16, 29), (29, 16), (17, 20), (20, 17), (17, 39), (39, 17), (18, 23), (23, 18), (18, 32), (32, 18), (18, 39), (39, 18), (18, 40), (40, 18), (20, 33), (33, 20), (23, 24), (24, 23), (25, 40), (40, 25), (27, 33), (33, 27), (31, 40), (40, 31), (35, 38), (38, 35)]
Z_dad = [18]
Y_dad = [6, 8, 16]
X_dad = [5, 12, 33]
Z_da-ad = [6]
Y_da-ad = [8, 11, 18]
X_da-ad = [5, 14, 24]
