no              #fail
207.451         #totTm
50.724          #lastADTm
5               #itDAD
0.000           #avItADGoal
0               #itADOpt
21              #opt
21              #optDA-AD
1.159           #tmDA
0.0             #relGain

V = [1, 2, 3, 4, 5, 6, 7, 8, 9, 10, 11, 12, 13, 14, 15, 16, 17, 18, 19, 20, 21, 22, 23, 24, 25, 26, 27, 28, 29, 30, 31, 32, 33, 34, 35, 36, 37, 38, 39, 40]
A = [(1, 15), (15, 1), (1, 25), (25, 1), (1, 37), (37, 1), (1, 40), (40, 1), (2, 32), (32, 2), (2, 37), (37, 2), (3, 23), (23, 3), (4, 7), (7, 4), (5, 10), (10, 5), (5, 27), (27, 5), (6, 37), (37, 6), (8, 29), (29, 8), (8, 32), (32, 8), (9, 20), (20, 9), (10, 24), (24, 10), (10, 25), (25, 10), (10, 27), (27, 10), (10, 30), (30, 10), (10, 34), (34, 10), (11, 26), (26, 11), (11, 36), (36, 11), (12, 21), (21, 12), (16, 24), (24, 16), (17, 37), (37, 17), (18, 35), (35, 18), (19, 22), (22, 19), (19, 29), (29, 19), (20, 40), (40, 20), (21, 30), (30, 21), (22, 32), (32, 22), (22, 33), (33, 22), (23, 34), (34, 23), (23, 36), (36, 23), (24, 26), (26, 24), (24, 27), (27, 24), (24, 30), (30, 24), (27, 33), (33, 27), (31, 35), (35, 31), (35, 40), (40, 35)]
Z_dad = [40]
Y_dad = [10, 18, 37]
X_dad = [24, 30, 34]
Z_da-ad = [40]
Y_da-ad = [10, 18, 37]
X_da-ad = [24, 30, 34]
