no              #fail
113.767         #totTm
37.412          #lastADTm
3               #itDAD
0.000           #avItADGoal
0               #itADOpt
20              #opt
20              #optDA-AD
0.97            #tmDA
0.0             #relGain

V = [1, 2, 3, 4, 5, 6, 7, 8, 9, 10, 11, 12, 13, 14, 15, 16, 17, 18, 19, 20, 21, 22, 23, 24, 25, 26, 27, 28, 29, 30, 31, 32, 33, 34, 35, 36, 37, 38, 39, 40]
A = [(1, 5), (5, 1), (2, 18), (18, 2), (3, 9), (9, 3), (3, 10), (10, 3), (3, 20), (20, 3), (4, 13), (13, 4), (4, 15), (15, 4), (5, 27), (27, 5), (5, 29), (29, 5), (6, 15), (15, 6), (6, 33), (33, 6), (7, 24), (24, 7), (10, 14), (14, 10), (10, 15), (15, 10), (10, 26), (26, 10), (10, 36), (36, 10), (11, 21), (21, 11), (12, 13), (13, 12), (12, 38), (38, 12), (12, 39), (39, 12), (14, 18), (18, 14), (14, 19), (19, 14), (14, 31), (31, 14), (15, 38), (38, 15), (17, 24), (24, 17), (17, 25), (25, 17), (20, 40), (40, 20), (21, 25), (25, 21), (21, 39), (39, 21), (22, 29), (29, 22), (22, 40), (40, 22), (27, 32), (32, 27), (27, 37), (37, 27), (28, 33), (33, 28), (28, 39), (39, 28), (31, 32), (32, 31), (31, 37), (37, 31), (36, 37), (37, 36), (37, 38), (38, 37)]
Z_dad = [14]
Y_dad = [12, 24, 29]
X_dad = [5, 10, 38]
Z_da-ad = [14]
Y_da-ad = [12, 24, 29]
X_da-ad = [5, 10, 38]
