no              #fail
123.391         #totTm
52.989          #lastADTm
3               #itDAD
0.000           #avItADGoal
0               #itADOpt
22              #opt
18              #optDA-AD
2.481           #tmDA
18.2            #relGain

V = [1, 2, 3, 4, 5, 6, 7, 8, 9, 10, 11, 12, 13, 14, 15, 16, 17, 18, 19, 20, 21, 22, 23, 24, 25, 26, 27, 28, 29, 30, 31, 32, 33, 34, 35, 36, 37, 38, 39, 40]
A = [(1, 11), (11, 1), (1, 37), (37, 1), (2, 16), (16, 2), (2, 34), (34, 2), (3, 5), (5, 3), (3, 33), (33, 3), (3, 40), (40, 3), (4, 9), (9, 4), (4, 15), (15, 4), (4, 16), (16, 4), (5, 26), (26, 5), (5, 33), (33, 5), (5, 37), (37, 5), (6, 10), (10, 6), (6, 40), (40, 6), (7, 10), (10, 7), (7, 15), (15, 7), (8, 36), (36, 8), (10, 11), (11, 10), (10, 16), (16, 10), (10, 20), (20, 10), (10, 30), (30, 10), (11, 38), (38, 11), (12, 19), (19, 12), (12, 24), (24, 12), (12, 33), (33, 12), (13, 24), (24, 13), (13, 25), (25, 13), (14, 18), (18, 14), (14, 24), (24, 14), (14, 32), (32, 14), (16, 39), (39, 16), (19, 23), (23, 19), (20, 21), (21, 20), (20, 36), (36, 20), (21, 23), (23, 21), (25, 38), (38, 25), (28, 34), (34, 28), (35, 36), (36, 35)]
Z_dad = [10]
Y_dad = [1, 12, 16]
X_dad = [11, 19, 24]
Z_da-ad = [14]
Y_da-ad = [10, 12, 28]
X_da-ad = [7, 16, 20]
