no              #fail
134.596         #totTm
40.251          #lastADTm
4               #itDAD
0.000           #avItADGoal
0               #itADOpt
21              #opt
21              #optDA-AD
1.681           #tmDA
0.0             #relGain

V = [1, 2, 3, 4, 5, 6, 7, 8, 9, 10, 11, 12, 13, 14, 15, 16, 17, 18, 19, 20, 21, 22, 23, 24, 25, 26, 27, 28, 29, 30, 31, 32, 33, 34, 35, 36, 37, 38, 39, 40]
A = [(2, 18), (18, 2), (3, 16), (16, 3), (4, 15), (15, 4), (4, 39), (39, 4), (5, 17), (17, 5), (5, 38), (38, 5), (8, 11), (11, 8), (9, 14), (14, 9), (9, 16), (16, 9), (9, 20), (20, 9), (9, 33), (33, 9), (10, 29), (29, 10), (10, 30), (30, 10), (11, 30), (30, 11), (13, 18), (18, 13), (16, 24), (24, 16), (16, 25), (25, 16), (16, 35), (35, 16), (17, 38), (38, 17), (18, 24), (24, 18), (18, 28), (28, 18), (18, 38), (38, 18), (18, 40), (40, 18), (19, 25), (25, 19), (19, 37), (37, 19), (20, 24), (24, 20), (20, 25), (25, 20), (21, 22), (22, 21), (22, 31), (31, 22), (23, 35), (35, 23), (24, 29), (29, 24), (25, 31), (31, 25), (26, 35), (35, 26), (31, 35), (35, 31), (32, 35), (35, 32), (33, 35), (35, 33), (34, 39), (39, 34), (36, 37), (37, 36), (36, 38), (38, 36)]
Z_dad = [18]
Y_dad = [30, 35, 38]
X_dad = [9, 16, 31]
Z_da-ad = [18]
Y_da-ad = [30, 35, 38]
X_da-ad = [9, 16, 31]
