no              #fail
192.279         #totTm
29.581          #lastADTm
7               #itDAD
0.000           #avItADGoal
0               #itADOpt
19              #opt
18              #optDA-AD
1.687           #tmDA
5.3             #relGain

V = [1, 2, 3, 4, 5, 6, 7, 8, 9, 10, 11, 12, 13, 14, 15, 16, 17, 18, 19, 20, 21, 22, 23, 24, 25, 26, 27, 28, 29, 30, 31, 32, 33, 34, 35, 36, 37, 38, 39, 40]
A = [(1, 33), (33, 1), (1, 35), (35, 1), (1, 36), (36, 1), (1, 37), (37, 1), (2, 7), (7, 2), (3, 21), (21, 3), (5, 6), (6, 5), (5, 24), (24, 5), (5, 33), (33, 5), (6, 10), (10, 6), (6, 21), (21, 6), (7, 16), (16, 7), (7, 36), (36, 7), (7, 40), (40, 7), (8, 12), (12, 8), (8, 21), (21, 8), (9, 13), (13, 9), (9, 15), (15, 9), (9, 20), (20, 9), (10, 38), (38, 10), (10, 40), (40, 10), (11, 36), (36, 11), (11, 39), (39, 11), (12, 19), (19, 12), (12, 32), (32, 12), (13, 17), (17, 13), (13, 28), (28, 13), (14, 34), (34, 14), (15, 31), (31, 15), (16, 35), (35, 16), (17, 37), (37, 17), (19, 20), (20, 19), (22, 23), (23, 22), (22, 28), (28, 22), (29, 30), (30, 29), (29, 32), (32, 29), (29, 39), (39, 29), (33, 34), (34, 33), (36, 37), (37, 36)]
Z_dad = [33]
Y_dad = [3, 7, 9]
X_dad = [13, 21, 40]
Z_da-ad = [9]
Y_da-ad = [6, 13, 19]
X_da-ad = [1, 5, 7]
