no              #fail
151.836         #totTm
35.104          #lastADTm
5               #itDAD
0.000           #avItADGoal
0               #itADOpt
21              #opt
20              #optDA-AD
1.405           #tmDA
4.8             #relGain

V = [1, 2, 3, 4, 5, 6, 7, 8, 9, 10, 11, 12, 13, 14, 15, 16, 17, 18, 19, 20, 21, 22, 23, 24, 25, 26, 27, 28, 29, 30, 31, 32, 33, 34, 35, 36, 37, 38, 39, 40]
A = [(1, 6), (6, 1), (1, 12), (12, 1), (1, 13), (13, 1), (1, 19), (19, 1), (2, 13), (13, 2), (2, 27), (27, 2), (4, 11), (11, 4), (5, 6), (6, 5), (5, 28), (28, 5), (6, 7), (7, 6), (7, 11), (11, 7), (7, 26), (26, 7), (8, 17), (17, 8), (9, 16), (16, 9), (9, 30), (30, 9), (9, 35), (35, 9), (11, 29), (29, 11), (11, 33), (33, 11), (11, 34), (34, 11), (12, 20), (20, 12), (12, 27), (27, 12), (12, 32), (32, 12), (12, 37), (37, 12), (13, 19), (19, 13), (14, 24), (24, 14), (14, 29), (29, 14), (15, 26), (26, 15), (17, 24), (24, 17), (17, 29), (29, 17), (17, 33), (33, 17), (18, 35), (35, 18), (19, 37), (37, 19), (20, 30), (30, 20), (24, 38), (38, 24), (25, 37), (37, 25), (26, 32), (32, 26), (34, 37), (37, 34), (37, 38), (38, 37), (38, 40), (40, 38)]
Z_dad = [11]
Y_dad = [6, 9, 24]
X_dad = [1, 12, 38]
Z_da-ad = [9]
Y_da-ad = [1, 11, 35]
X_da-ad = [6, 7, 12]
