no              #fail
326.828         #totTm
53.222          #lastADTm
7               #itDAD
0.000           #avItADGoal
0               #itADOpt
21              #opt
20              #optDA-AD
1.333           #tmDA
4.8             #relGain

V = [1, 2, 3, 4, 5, 6, 7, 8, 9, 10, 11, 12, 13, 14, 15, 16, 17, 18, 19, 20, 21, 22, 23, 24, 25, 26, 27, 28, 29, 30, 31, 32, 33, 34, 35, 36, 37, 38, 39, 40]
A = [(1, 22), (22, 1), (1, 26), (26, 1), (2, 17), (17, 2), (2, 30), (30, 2), (3, 11), (11, 3), (3, 16), (16, 3), (3, 25), (25, 3), (3, 28), (28, 3), (4, 8), (8, 4), (4, 14), (14, 4), (4, 25), (25, 4), (4, 28), (28, 4), (5, 31), (31, 5), (7, 8), (8, 7), (7, 20), (20, 7), (7, 21), (21, 7), (7, 39), (39, 7), (8, 24), (24, 8), (9, 10), (10, 9), (9, 31), (31, 9), (9, 40), (40, 9), (10, 23), (23, 10), (13, 21), (21, 13), (13, 27), (27, 13), (13, 38), (38, 13), (14, 18), (18, 14), (15, 36), (36, 15), (16, 21), (21, 16), (20, 33), (33, 20), (23, 27), (27, 23), (24, 27), (27, 24), (24, 31), (31, 24), (25, 28), (28, 25), (26, 36), (36, 26), (28, 30), (30, 28), (29, 32), (32, 29), (29, 37), (37, 29), (30, 38), (38, 30), (36, 38), (38, 36)]
Z_dad = [4]
Y_dad = [30, 31, 32]
X_dad = [21, 24, 38]
Z_da-ad = [7]
Y_da-ad = [1, 28, 31]
X_da-ad = [3, 4, 13]
