no              #fail
162.066         #totTm
43.685          #lastADTm
4               #itDAD
0.000           #avItADGoal
0               #itADOpt
21              #opt
21              #optDA-AD
0.997           #tmDA
0.0             #relGain

V = [1, 2, 3, 4, 5, 6, 7, 8, 9, 10, 11, 12, 13, 14, 15, 16, 17, 18, 19, 20, 21, 22, 23, 24, 25, 26, 27, 28, 29, 30, 31, 32, 33, 34, 35, 36, 37, 38, 39, 40]
A = [(1, 9), (9, 1), (1, 11), (11, 1), (1, 14), (14, 1), (2, 8), (8, 2), (3, 5), (5, 3), (3, 28), (28, 3), (3, 40), (40, 3), (4, 32), (32, 4), (7, 23), (23, 7), (8, 12), (12, 8), (8, 32), (32, 8), (9, 15), (15, 9), (11, 21), (21, 11), (11, 22), (22, 11), (11, 36), (36, 11), (14, 15), (15, 14), (14, 17), (17, 14), (14, 23), (23, 14), (15, 16), (16, 15), (16, 30), (30, 16), (16, 32), (32, 16), (16, 39), (39, 16), (17, 39), (39, 17), (18, 20), (20, 18), (18, 22), (22, 18), (20, 24), (24, 20), (25, 31), (31, 25), (26, 33), (33, 26), (26, 34), (34, 26), (26, 38), (38, 26), (27, 33), (33, 27), (27, 40), (40, 27), (28, 32), (32, 28), (28, 39), (39, 28), (29, 32), (32, 29), (30, 34), (34, 30), (30, 40), (40, 30), (32, 33), (33, 32), (36, 39), (39, 36)]
Z_dad = [11]
Y_dad = [24, 32, 39]
X_dad = [16, 17, 20]
Z_da-ad = [32]
Y_da-ad = [2, 11, 40]
X_da-ad = [1, 30, 39]
