no              #fail
165.948         #totTm
44.085          #lastADTm
4               #itDAD
0.000           #avItADGoal
0               #itADOpt
21              #opt
20              #optDA-AD
1.114           #tmDA
4.8             #relGain

V = [1, 2, 3, 4, 5, 6, 7, 8, 9, 10, 11, 12, 13, 14, 15, 16, 17, 18, 19, 20, 21, 22, 23, 24, 25, 26, 27, 28, 29, 30, 31, 32, 33, 34, 35, 36, 37, 38, 39, 40]
A = [(1, 18), (18, 1), (1, 30), (30, 1), (1, 39), (39, 1), (2, 22), (22, 2), (2, 23), (23, 2), (2, 26), (26, 2), (3, 9), (9, 3), (3, 17), (17, 3), (3, 29), (29, 3), (6, 9), (9, 6), (6, 30), (30, 6), (7, 36), (36, 7), (7, 38), (38, 7), (9, 12), (12, 9), (9, 23), (23, 9), (9, 40), (40, 9), (10, 23), (23, 10), (10, 36), (36, 10), (11, 30), (30, 11), (11, 33), (33, 11), (12, 16), (16, 12), (13, 32), (32, 13), (16, 18), (18, 16), (16, 35), (35, 16), (16, 38), (38, 16), (17, 36), (36, 17), (18, 23), (23, 18), (18, 24), (24, 18), (18, 36), (36, 18), (20, 29), (29, 20), (20, 33), (33, 20), (22, 26), (26, 22), (22, 30), (30, 22), (24, 28), (28, 24), (28, 39), (39, 28), (30, 31), (31, 30), (34, 36), (36, 34), (38, 39), (39, 38), (38, 40), (40, 38)]
Z_dad = [30]
Y_dad = [20, 26, 38]
X_dad = [9, 18, 39]
Z_da-ad = [16]
Y_da-ad = [29, 30, 36]
X_da-ad = [1, 18, 38]
