no              #fail
220.899         #totTm
53.819          #lastADTm
5               #itDAD
0.000           #avItADGoal
0               #itADOpt
22              #opt
21              #optDA-AD
1.238           #tmDA
4.5             #relGain

V = [1, 2, 3, 4, 5, 6, 7, 8, 9, 10, 11, 12, 13, 14, 15, 16, 17, 18, 19, 20, 21, 22, 23, 24, 25, 26, 27, 28, 29, 30, 31, 32, 33, 34, 35, 36, 37, 38, 39, 40]
A = [(2, 13), (13, 2), (2, 22), (22, 2), (3, 29), (29, 3), (4, 39), (39, 4), (5, 26), (26, 5), (6, 16), (16, 6), (6, 17), (17, 6), (7, 26), (26, 7), (7, 38), (38, 7), (8, 18), (18, 8), (8, 24), (24, 8), (8, 35), (35, 8), (9, 11), (11, 9), (9, 36), (36, 9), (10, 21), (21, 10), (10, 23), (23, 10), (12, 14), (14, 12), (12, 23), (23, 12), (12, 27), (27, 12), (13, 28), (28, 13), (13, 35), (35, 13), (14, 23), (23, 14), (16, 26), (26, 16), (17, 31), (31, 17), (18, 33), (33, 18), (18, 35), (35, 18), (20, 21), (21, 20), (21, 37), (37, 21), (21, 39), (39, 21), (22, 24), (24, 22), (23, 24), (24, 23), (23, 27), (27, 23), (24, 28), (28, 24), (26, 33), (33, 26), (27, 29), (29, 27), (31, 36), (36, 31), (32, 38), (38, 32), (33, 39), (39, 33), (38, 39), (39, 38)]
Z_dad = [33]
Y_dad = [23, 31, 38]
X_dad = [10, 24, 39]
Z_da-ad = [21]
Y_da-ad = [23, 33, 36]
X_da-ad = [26, 31, 39]
