no              #fail
290.888         #totTm
50.358          #lastADTm
5               #itDAD
0.000           #avItADGoal
0               #itADOpt
22              #opt
22              #optDA-AD
1.97            #tmDA
0.0             #relGain

V = [1, 2, 3, 4, 5, 6, 7, 8, 9, 10, 11, 12, 13, 14, 15, 16, 17, 18, 19, 20, 21, 22, 23, 24, 25, 26, 27, 28, 29, 30, 31, 32, 33, 34, 35, 36, 37, 38, 39, 40]
A = [(1, 14), (14, 1), (1, 33), (33, 1), (1, 36), (36, 1), (2, 25), (25, 2), (3, 14), (14, 3), (3, 17), (17, 3), (3, 31), (31, 3), (4, 17), (17, 4), (5, 37), (37, 5), (6, 26), (26, 6), (7, 10), (10, 7), (7, 37), (37, 7), (8, 34), (34, 8), (8, 35), (35, 8), (9, 24), (24, 9), (9, 31), (31, 9), (9, 35), (35, 9), (11, 26), (26, 11), (12, 27), (27, 12), (12, 37), (37, 12), (13, 15), (15, 13), (13, 34), (34, 13), (14, 27), (27, 14), (15, 35), (35, 15), (15, 36), (36, 15), (16, 30), (30, 16), (17, 27), (27, 17), (17, 31), (31, 17), (19, 24), (24, 19), (19, 27), (27, 19), (24, 29), (29, 24), (27, 38), (38, 27), (29, 37), (37, 29), (29, 38), (38, 29), (30, 32), (32, 30), (30, 33), (33, 30), (31, 38), (38, 31), (33, 36), (36, 33), (35, 36), (36, 35)]
Z_dad = [35]
Y_dad = [13, 29, 32]
X_dad = [17, 30, 37]
Z_da-ad = [37]
Y_da-ad = [8, 27, 30]
X_da-ad = [34, 35, 36]
