no              #fail
243.440         #totTm
40.667          #lastADTm
7               #itDAD
0.000           #avItADGoal
0               #itADOpt
20              #opt
18              #optDA-AD
1.476           #tmDA
10.0            #relGain

V = [1, 2, 3, 4, 5, 6, 7, 8, 9, 10, 11, 12, 13, 14, 15, 16, 17, 18, 19, 20, 21, 22, 23, 24, 25, 26, 27, 28, 29, 30, 31, 32, 33, 34, 35, 36, 37, 38, 39, 40]
A = [(1, 23), (23, 1), (2, 16), (16, 2), (2, 33), (33, 2), (2, 40), (40, 2), (3, 27), (27, 3), (3, 37), (37, 3), (4, 19), (19, 4), (4, 26), (26, 4), (4, 39), (39, 4), (5, 21), (21, 5), (5, 34), (34, 5), (7, 26), (26, 7), (7, 28), (28, 7), (8, 14), (14, 8), (8, 19), (19, 8), (9, 29), (29, 9), (9, 31), (31, 9), (10, 24), (24, 10), (10, 31), (31, 10), (10, 38), (38, 10), (11, 17), (17, 11), (11, 23), (23, 11), (11, 24), (24, 11), (11, 31), (31, 11), (11, 34), (34, 11), (12, 27), (27, 12), (12, 33), (33, 12), (13, 34), (34, 13), (13, 37), (37, 13), (15, 31), (31, 15), (15, 36), (36, 15), (16, 36), (36, 16), (17, 32), (32, 17), (17, 39), (39, 17), (19, 24), (24, 19), (20, 21), (21, 20), (20, 26), (26, 20), (24, 37), (37, 24), (32, 35), (35, 32)]
Z_dad = [11]
Y_dad = [2, 4, 23]
X_dad = [24, 26, 33]
Z_da-ad = [31]
Y_da-ad = [2, 4, 23]
X_da-ad = [19, 26, 34]
