no              #fail
129.665         #totTm
47.903          #lastADTm
3               #itDAD
0.000           #avItADGoal
0               #itADOpt
23              #opt
23              #optDA-AD
1.359           #tmDA
0.0             #relGain

V = [1, 2, 3, 4, 5, 6, 7, 8, 9, 10, 11, 12, 13, 14, 15, 16, 17, 18, 19, 20, 21, 22, 23, 24, 25, 26, 27, 28, 29, 30, 31, 32, 33, 34, 35, 36, 37, 38, 39, 40]
A = [(1, 36), (36, 1), (2, 6), (6, 2), (2, 23), (23, 2), (3, 17), (17, 3), (3, 22), (22, 3), (3, 26), (26, 3), (3, 29), (29, 3), (4, 20), (20, 4), (5, 19), (19, 5), (5, 33), (33, 5), (6, 22), (22, 6), (7, 16), (16, 7), (8, 11), (11, 8), (8, 19), (19, 8), (10, 15), (15, 10), (11, 13), (13, 11), (13, 22), (22, 13), (15, 22), (22, 15), (15, 32), (32, 15), (16, 17), (17, 16), (16, 18), (18, 16), (16, 19), (19, 16), (16, 37), (37, 16), (17, 18), (18, 17), (18, 34), (34, 18), (18, 35), (35, 18), (18, 37), (37, 18), (19, 39), (39, 19), (20, 35), (35, 20), (22, 23), (23, 22), (22, 26), (26, 22), (22, 28), (28, 22), (24, 32), (32, 24), (24, 34), (34, 24), (24, 37), (37, 24), (24, 40), (40, 24), (27, 38), (38, 27), (32, 35), (35, 32), (32, 39), (39, 32)]
Z_dad = [22]
Y_dad = [18, 19, 23]
X_dad = [8, 17, 35]
Z_da-ad = [22]
Y_da-ad = [18, 19, 23]
X_da-ad = [8, 17, 35]
