no              #fail
119.336         #totTm
34.045          #lastADTm
4               #itDAD
0.000           #avItADGoal
0               #itADOpt
21              #opt
20              #optDA-AD
0.893           #tmDA
4.8             #relGain

V = [1, 2, 3, 4, 5, 6, 7, 8, 9, 10, 11, 12, 13, 14, 15, 16, 17, 18, 19, 20, 21, 22, 23, 24, 25, 26, 27, 28, 29, 30, 31, 32, 33, 34, 35, 36, 37, 38, 39, 40]
A = [(1, 7), (7, 1), (1, 24), (24, 1), (2, 12), (12, 2), (2, 27), (27, 2), (3, 12), (12, 3), (6, 14), (14, 6), (7, 31), (31, 7), (8, 31), (31, 8), (9, 19), (19, 9), (10, 33), (33, 10), (11, 12), (12, 11), (11, 20), (20, 11), (12, 15), (15, 12), (12, 28), (28, 12), (12, 39), (39, 12), (13, 21), (21, 13), (14, 29), (29, 14), (14, 40), (40, 14), (15, 27), (27, 15), (15, 30), (30, 15), (15, 37), (37, 15), (16, 20), (20, 16), (16, 36), (36, 16), (18, 23), (23, 18), (18, 29), (29, 18), (18, 36), (36, 18), (19, 31), (31, 19), (22, 27), (27, 22), (23, 26), (26, 23), (23, 33), (33, 23), (23, 34), (34, 23), (24, 27), (27, 24), (24, 28), (28, 24), (25, 28), (28, 25), (25, 37), (37, 25), (26, 39), (39, 26), (31, 33), (33, 31), (31, 36), (36, 31), (32, 40), (40, 32)]
Z_dad = [12]
Y_dad = [23, 27, 31]
X_dad = [15, 18, 36]
Z_da-ad = [31]
Y_da-ad = [12, 21, 29]
X_da-ad = [14, 23, 24]
