no              #fail
128.727         #totTm
45.844          #lastADTm
3               #itDAD
0.000           #avItADGoal
0               #itADOpt
21              #opt
21              #optDA-AD
1.326           #tmDA
0.0             #relGain

V = [1, 2, 3, 4, 5, 6, 7, 8, 9, 10, 11, 12, 13, 14, 15, 16, 17, 18, 19, 20, 21, 22, 23, 24, 25, 26, 27, 28, 29, 30, 31, 32, 33, 34, 35, 36, 37, 38, 39, 40]
A = [(1, 9), (9, 1), (1, 15), (15, 1), (1, 17), (17, 1), (1, 21), (21, 1), (2, 11), (11, 2), (2, 15), (15, 2), (2, 39), (39, 2), (3, 15), (15, 3), (3, 37), (37, 3), (4, 11), (11, 4), (4, 18), (18, 4), (5, 20), (20, 5), (5, 26), (26, 5), (5, 31), (31, 5), (6, 25), (25, 6), (6, 28), (28, 6), (6, 38), (38, 6), (8, 14), (14, 8), (8, 39), (39, 8), (9, 13), (13, 9), (10, 35), (35, 10), (11, 32), (32, 11), (12, 40), (40, 12), (13, 28), (28, 13), (14, 26), (26, 14), (15, 27), (27, 15), (15, 30), (30, 15), (15, 31), (31, 15), (16, 25), (25, 16), (16, 38), (38, 16), (17, 26), (26, 17), (18, 33), (33, 18), (18, 40), (40, 18), (20, 27), (27, 20), (22, 27), (27, 22), (25, 28), (28, 25), (25, 31), (31, 25), (31, 32), (32, 31), (36, 38), (38, 36)]
Z_dad = [15]
Y_dad = [18, 26, 28]
X_dad = [5, 11, 14]
Z_da-ad = [15]
Y_da-ad = [18, 26, 28]
X_da-ad = [5, 11, 14]
