no              #fail
270.331         #totTm
55.407          #lastADTm
6               #itDAD
0.000           #avItADGoal
0               #itADOpt
21              #opt
21              #optDA-AD
1.305           #tmDA
0.0             #relGain

V = [1, 2, 3, 4, 5, 6, 7, 8, 9, 10, 11, 12, 13, 14, 15, 16, 17, 18, 19, 20, 21, 22, 23, 24, 25, 26, 27, 28, 29, 30, 31, 32, 33, 34, 35, 36, 37, 38, 39, 40]
A = [(1, 9), (9, 1), (1, 20), (20, 1), (1, 28), (28, 1), (2, 13), (13, 2), (2, 16), (16, 2), (3, 8), (8, 3), (3, 27), (27, 3), (5, 25), (25, 5), (5, 29), (29, 5), (5, 31), (31, 5), (6, 29), (29, 6), (6, 34), (34, 6), (7, 9), (9, 7), (8, 15), (15, 8), (8, 39), (39, 8), (9, 24), (24, 9), (10, 21), (21, 10), (10, 22), (22, 10), (10, 25), (25, 10), (11, 16), (16, 11), (11, 38), (38, 11), (12, 30), (30, 12), (12, 35), (35, 12), (14, 20), (20, 14), (15, 18), (18, 15), (15, 22), (22, 15), (17, 26), (26, 17), (17, 28), (28, 17), (18, 20), (20, 18), (19, 36), (36, 19), (20, 29), (29, 20), (21, 33), (33, 21), (25, 27), (27, 25), (25, 32), (32, 25), (29, 30), (30, 29), (29, 34), (34, 29), (31, 39), (39, 31), (35, 36), (36, 35), (35, 37), (37, 35)]
Z_dad = [25]
Y_dad = [1, 8, 35]
X_dad = [15, 28, 29]
Z_da-ad = [1]
Y_da-ad = [16, 25, 29]
X_da-ad = [2, 10, 30]
