no              #fail
162.768         #totTm
59.101          #lastADTm
3               #itDAD
0.000           #avItADGoal
0               #itADOpt
24              #opt
24              #optDA-AD
1.9             #tmDA
0.0             #relGain

V = [1, 2, 3, 4, 5, 6, 7, 8, 9, 10, 11, 12, 13, 14, 15, 16, 17, 18, 19, 20, 21, 22, 23, 24, 25, 26, 27, 28, 29, 30, 31, 32, 33, 34, 35, 36, 37, 38, 39, 40]
A = [(1, 15), (15, 1), (1, 17), (17, 1), (1, 30), (30, 1), (1, 36), (36, 1), (1, 38), (38, 1), (2, 23), (23, 2), (3, 25), (25, 3), (3, 31), (31, 3), (5, 20), (20, 5), (6, 19), (19, 6), (6, 37), (37, 6), (7, 10), (10, 7), (8, 15), (15, 8), (8, 20), (20, 8), (9, 15), (15, 9), (10, 29), (29, 10), (13, 28), (28, 13), (14, 15), (15, 14), (14, 20), (20, 14), (15, 21), (21, 15), (15, 33), (33, 15), (16, 36), (36, 16), (17, 21), (21, 17), (17, 27), (27, 17), (18, 29), (29, 18), (19, 22), (22, 19), (21, 27), (27, 21), (21, 34), (34, 21), (22, 36), (36, 22), (26, 32), (32, 26), (26, 36), (36, 26), (27, 35), (35, 27), (27, 36), (36, 27), (28, 34), (34, 28), (28, 38), (38, 28), (30, 37), (37, 30), (30, 40), (40, 30), (32, 34), (34, 32), (36, 37), (37, 36)]
Z_dad = [36]
Y_dad = [15, 28, 37]
X_dad = [1, 6, 21]
Z_da-ad = [15]
Y_da-ad = [10, 20, 36]
X_da-ad = [1, 26, 27]
