no              #fail
58.400          #totTm
13.317          #lastADTm
5               #itDAD
0.000           #avItADGoal
0               #itADOpt
15              #opt
15              #optDA-AD
3.165           #tmDA
0.0             #relGain

V = [1, 2, 3, 4, 5, 6, 7, 8, 9, 10, 11, 12, 13, 14, 15, 16, 17, 18, 19, 20]
A = [(1, 5), (5, 1), (1, 14), (14, 1), (2, 20), (20, 2), (3, 6), (6, 3), (3, 17), (17, 3), (4, 16), (16, 4), (5, 18), (18, 5), (7, 20), (20, 7), (9, 13), (13, 9)]
Z_dad = [1]
Y_dad = [3, 13, 20]
X_dad = [2, 6, 7]
Z_da-ad = [1]
Y_da-ad = [3, 13, 20]
X_da-ad = [2, 6, 7]
