no              #fail
52.754          #totTm
15.628          #lastADTm
4               #itDAD
0.000           #avItADGoal
0               #itADOpt
16              #opt
16              #optDA-AD
3.57            #tmDA
0.0             #relGain

V = [1, 2, 3, 4, 5, 6, 7, 8, 9, 10, 11, 12, 13, 14, 15, 16, 17, 18, 19, 20]
A = [(1, 12), (12, 1), (2, 19), (19, 2), (4, 10), (10, 4), (6, 12), (12, 6), (6, 17), (17, 6), (7, 19), (19, 7), (9, 19), (19, 9), (11, 20), (20, 11), (14, 16), (16, 14)]
Z_dad = [19]
Y_dad = [11, 12, 14]
X_dad = [1, 6, 16]
Z_da-ad = [19]
Y_da-ad = [11, 12, 14]
X_da-ad = [1, 6, 16]
