no              #fail
37.586          #totTm
9.026           #lastADTm
4               #itDAD
0.000           #avItADGoal
0               #itADOpt
15              #opt
14              #optDA-AD
1.319           #tmDA
6.7             #relGain

V = [1, 2, 3, 4, 5, 6, 7, 8, 9, 10, 11, 12, 13, 14, 15, 16, 17, 18, 19, 20]
A = [(1, 5), (5, 1), (2, 15), (15, 2), (5, 16), (16, 5), (7, 9), (9, 7), (7, 15), (15, 7), (9, 15), (15, 9), (13, 20), (20, 13), (14, 19), (19, 14), (19, 20), (20, 19)]
Z_dad = [5]
Y_dad = [15, 17, 20]
X_dad = [2, 13, 19]
Z_da-ad = [19]
Y_da-ad = [5, 13, 15]
X_da-ad = [2, 7, 9]
