no              #fail
38.228          #totTm
14.895          #lastADTm
3               #itDAD
0.000           #avItADGoal
0               #itADOpt
17              #opt
17              #optDA-AD
2.751           #tmDA
0.0             #relGain

V = [1, 2, 3, 4, 5, 6, 7, 8, 9, 10, 11, 12, 13, 14, 15, 16, 17, 18, 19, 20]
A = [(1, 7), (7, 1), (1, 8), (8, 1), (1, 14), (14, 1), (1, 16), (16, 1), (1, 19), (19, 1), (4, 16), (16, 4), (8, 13), (13, 8), (8, 16), (16, 8), (13, 15), (15, 13)]
Z_dad = [1]
Y_dad = [2, 3, 5]
X_dad = []
Z_da-ad = [1]
Y_da-ad = [2, 3, 5]
X_da-ad = []
