no              #fail
31.830          #totTm
6.523           #lastADTm
4               #itDAD
0.000           #avItADGoal
0               #itADOpt
15              #opt
15              #optDA-AD
1.231           #tmDA
0.0             #relGain

V = [1, 2, 3, 4, 5, 6, 7, 8, 9, 10, 11, 12, 13, 14, 15, 16, 17, 18, 19, 20]
A = [(2, 8), (8, 2), (2, 17), (17, 2), (7, 10), (10, 7), (7, 11), (11, 7), (7, 17), (17, 7), (9, 12), (12, 9), (9, 14), (14, 9), (9, 19), (19, 9), (18, 19), (19, 18)]
Z_dad = [9]
Y_dad = [2, 7, 19]
X_dad = [8, 10, 18]
Z_da-ad = [9]
Y_da-ad = [2, 7, 19]
X_da-ad = [8, 10, 18]
