no              #fail
44.170          #totTm
9.988           #lastADTm
4               #itDAD
0.000           #avItADGoal
0               #itADOpt
16              #opt
16              #optDA-AD
0.642           #tmDA
0.0             #relGain

V = [1, 2, 3, 4, 5, 6, 7, 8, 9, 10, 11, 12, 13, 14, 15, 16, 17, 18, 19, 20]
A = [(1, 9), (9, 1), (2, 14), (14, 2), (6, 11), (11, 6), (7, 8), (8, 7), (7, 9), (9, 7), (7, 13), (13, 7), (8, 17), (17, 8), (9, 11), (11, 9), (18, 19), (19, 18)]
Z_dad = [9]
Y_dad = [8, 11, 14]
X_dad = [2, 6, 7]
Z_da-ad = [9]
Y_da-ad = [8, 11, 14]
X_da-ad = [2, 6, 7]
