no              #fail
41.539          #totTm
12.074          #lastADTm
4               #itDAD
0.000           #avItADGoal
0               #itADOpt
16              #opt
16              #optDA-AD
1.641           #tmDA
0.0             #relGain

V = [1, 2, 3, 4, 5, 6, 7, 8, 9, 10, 11, 12, 13, 14, 15, 16, 17, 18, 19, 20]
A = [(2, 10), (10, 2), (2, 18), (18, 2), (2, 20), (20, 2), (3, 17), (17, 3), (6, 15), (15, 6), (7, 12), (12, 7), (7, 17), (17, 7), (12, 15), (15, 12), (12, 17), (17, 12)]
Z_dad = [2]
Y_dad = [1, 15, 17]
X_dad = [3, 6, 12]
Z_da-ad = [2]
Y_da-ad = [1, 15, 17]
X_da-ad = [3, 6, 12]
