no              #fail
41.720          #totTm
9.963           #lastADTm
4               #itDAD
0.000           #avItADGoal
0               #itADOpt
16              #opt
15              #optDA-AD
1.608           #tmDA
6.2             #relGain

V = [1, 2, 3, 4, 5, 6, 7, 8, 9, 10, 11, 12, 13, 14, 15, 16, 17, 18, 19, 20]
A = [(2, 7), (7, 2), (2, 19), (19, 2), (3, 4), (4, 3), (3, 9), (9, 3), (4, 7), (7, 4), (5, 15), (15, 5), (8, 11), (11, 8), (12, 19), (19, 12), (14, 19), (19, 14)]
Z_dad = [19]
Y_dad = [7, 8, 9]
X_dad = [2, 3, 11]
Z_da-ad = [2]
Y_da-ad = [3, 15, 19]
X_da-ad = [4, 5, 14]
