no              #fail
57.877          #totTm
14.860          #lastADTm
5               #itDAD
0.000           #avItADGoal
0               #itADOpt
16              #opt
15              #optDA-AD
3.137           #tmDA
6.2             #relGain

V = [1, 2, 3, 4, 5, 6, 7, 8, 9, 10, 11, 12, 13, 14, 15, 16, 17, 18, 19, 20]
A = [(2, 6), (6, 2), (2, 16), (16, 2), (5, 15), (15, 5), (7, 11), (11, 7), (7, 16), (16, 7), (7, 18), (18, 7), (10, 17), (17, 10), (14, 18), (18, 14), (14, 20), (20, 14)]
Z_dad = [16]
Y_dad = [11, 14, 15]
X_dad = [5, 7, 18]
Z_da-ad = [7]
Y_da-ad = [2, 10, 14]
X_da-ad = [6, 16, 17]
