no              #fail
48.462          #totTm
9.144           #lastADTm
5               #itDAD
0.000           #avItADGoal
0               #itADOpt
15              #opt
14              #optDA-AD
2.352           #tmDA
6.7             #relGain

V = [1, 2, 3, 4, 5, 6, 7, 8, 9, 10, 11, 12, 13, 14, 15, 16, 17, 18, 19, 20]
A = [(2, 10), (10, 2), (3, 10), (10, 3), (3, 13), (13, 3), (8, 20), (20, 8), (9, 12), (12, 9), (9, 15), (15, 9), (11, 18), (18, 11), (13, 14), (14, 13), (14, 20), (20, 14)]
Z_dad = [10]
Y_dad = [9, 11, 14]
X_dad = [13, 15, 20]
Z_da-ad = [13]
Y_da-ad = [9, 10, 20]
X_da-ad = [2, 3, 8]
