no              #fail
48.677          #totTm
12.264          #lastADTm
4               #itDAD
0.000           #avItADGoal
0               #itADOpt
16              #opt
16              #optDA-AD
2.854           #tmDA
0.0             #relGain

V = [1, 2, 3, 4, 5, 6, 7, 8, 9, 10, 11, 12, 13, 14, 15, 16, 17, 18, 19, 20]
A = [(1, 5), (5, 1), (1, 11), (11, 1), (4, 9), (9, 4), (6, 18), (18, 6), (9, 11), (11, 9), (10, 11), (11, 10), (10, 12), (12, 10), (10, 13), (13, 10), (11, 14), (14, 11)]
Z_dad = [10]
Y_dad = [6, 9, 11]
X_dad = [1, 4, 18]
Z_da-ad = [11]
Y_da-ad = [6, 9, 10]
X_da-ad = [4, 12, 18]
