no              #fail
47.819          #totTm
7.788           #lastADTm
5               #itDAD
0.000           #avItADGoal
0               #itADOpt
15              #opt
15              #optDA-AD
1.803           #tmDA
0.0             #relGain

V = [1, 2, 3, 4, 5, 6, 7, 8, 9, 10, 11, 12, 13, 14, 15, 16, 17, 18, 19, 20]
A = [(1, 2), (2, 1), (1, 13), (13, 1), (2, 20), (20, 2), (6, 19), (19, 6), (6, 20), (20, 6), (8, 10), (10, 8), (9, 12), (12, 9), (10, 12), (12, 10), (12, 13), (13, 12)]
Z_dad = [6]
Y_dad = [2, 12, 15]
X_dad = [9, 10, 13]
Z_da-ad = [12]
Y_da-ad = [1, 6, 10]
X_da-ad = [13, 19, 20]
