no              #fail
42.332          #totTm
14.285          #lastADTm
4               #itDAD
0.000           #avItADGoal
0               #itADOpt
16              #opt
16              #optDA-AD
4.202           #tmDA
0.0             #relGain

V = [1, 2, 3, 4, 5, 6, 7, 8, 9, 10, 11, 12, 13, 14, 15, 16, 17, 18, 19, 20]
A = [(1, 17), (17, 1), (4, 9), (9, 4), (6, 11), (11, 6), (6, 13), (13, 6), (7, 15), (15, 7), (9, 13), (13, 9), (13, 20), (20, 13), (14, 19), (19, 14), (14, 20), (20, 14)]
Z_dad = [13]
Y_dad = [11, 14, 15]
X_dad = [6, 7, 19]
Z_da-ad = [13]
Y_da-ad = [11, 14, 15]
X_da-ad = [6, 7, 19]
