no              #fail
45.244          #totTm
10.667          #lastADTm
4               #itDAD
0.000           #avItADGoal
0               #itADOpt
16              #opt
16              #optDA-AD
0.882           #tmDA
0.0             #relGain

V = [1, 2, 3, 4, 5, 6, 7, 8, 9, 10, 11, 12, 13, 14, 15, 16, 17, 18, 19, 20]
A = [(1, 9), (9, 1), (1, 12), (12, 1), (1, 19), (19, 1), (3, 10), (10, 3), (4, 6), (6, 4), (6, 10), (10, 6), (9, 11), (11, 9), (12, 20), (20, 12), (13, 17), (17, 13)]
Z_dad = [1]
Y_dad = [10, 11, 12]
X_dad = [3, 6, 9]
Z_da-ad = [1]
Y_da-ad = [10, 11, 12]
X_da-ad = [3, 6, 9]
