no              #fail
41.783          #totTm
8.360           #lastADTm
5               #itDAD
0.000           #avItADGoal
0               #itADOpt
15              #opt
15              #optDA-AD
2.149           #tmDA
0.0             #relGain

V = [1, 2, 3, 4, 5, 6, 7, 8, 9, 10, 11, 12, 13, 14, 15, 16, 17, 18, 19, 20]
A = [(1, 17), (17, 1), (2, 18), (18, 2), (4, 17), (17, 4), (6, 11), (11, 6), (9, 10), (10, 9), (9, 12), (12, 9), (11, 18), (18, 11), (12, 19), (19, 12), (18, 19), (19, 18)]
Z_dad = [9]
Y_dad = [6, 17, 18]
X_dad = [1, 2, 19]
Z_da-ad = [18]
Y_da-ad = [6, 12, 17]
X_da-ad = [1, 9, 11]
