no              #fail
47.878          #totTm
15.013          #lastADTm
4               #itDAD
0.000           #avItADGoal
0               #itADOpt
16              #opt
16              #optDA-AD
2.221           #tmDA
0.0             #relGain

V = [1, 2, 3, 4, 5, 6, 7, 8, 9, 10, 11, 12, 13, 14, 15, 16, 17, 18, 19, 20]
A = [(1, 2), (2, 1), (1, 4), (4, 1), (2, 11), (11, 2), (3, 18), (18, 3), (5, 13), (13, 5), (6, 8), (8, 6), (7, 13), (13, 7), (10, 13), (13, 10), (14, 15), (15, 14)]
Z_dad = [13]
Y_dad = [2, 8, 15]
X_dad = [1, 6, 11]
Z_da-ad = [13]
Y_da-ad = [2, 8, 15]
X_da-ad = [1, 6, 11]
