no              #fail
45.014          #totTm
14.075          #lastADTm
3               #itDAD
0.000           #avItADGoal
0               #itADOpt
17              #opt
17              #optDA-AD
7.697           #tmDA
0.0             #relGain

V = [1, 2, 3, 4, 5, 6, 7, 8, 9, 10, 11, 12, 13, 14, 15, 16, 17, 18, 19, 20]
A = [(1, 15), (15, 1), (2, 11), (11, 2), (4, 14), (14, 4), (5, 8), (8, 5), (5, 19), (19, 5), (5, 20), (20, 5), (6, 9), (9, 6), (7, 16), (16, 7), (8, 20), (20, 8)]
Z_dad = [5]
Y_dad = [3, 10, 12]
X_dad = []
Z_da-ad = [5]
Y_da-ad = [3, 10, 12]
X_da-ad = []
