no              #fail
46.085          #totTm
14.657          #lastADTm
4               #itDAD
0.000           #avItADGoal
0               #itADOpt
16              #opt
15              #optDA-AD
3.099           #tmDA
6.2             #relGain

V = [1, 2, 3, 4, 5, 6, 7, 8, 9, 10, 11, 12, 13, 14, 15, 16, 17, 18, 19, 20]
A = [(1, 12), (12, 1), (3, 9), (9, 3), (3, 14), (14, 3), (5, 8), (8, 5), (6, 16), (16, 6), (8, 10), (10, 8), (9, 14), (14, 9), (10, 13), (13, 10), (14, 17), (17, 14)]
Z_dad = [14]
Y_dad = [1, 3, 8]
X_dad = [9, 10, 12]
Z_da-ad = [8]
Y_da-ad = [12, 13, 14]
X_da-ad = [1, 3, 17]
