no              #fail
3.258           #totTm
0.441           #lastADTm
5               #itDAD
0.000           #avItADGoal
0               #itADOpt
19              #opt
19              #optDA-AD
1.436           #tmDA
0.0             #relGain

V = [1, 2, 3, 4, 5, 6, 7, 8, 9, 10, 11, 12, 13, 14, 15, 16, 17, 18, 19, 20]
A = [(2, 8), (8, 2), (4, 11), (11, 4), (6, 19), (19, 6), (7, 20), (20, 7), (9, 15), (15, 9), (11, 19), (19, 11), (12, 16), (16, 12), (14, 17), (17, 14), (14, 18), (18, 14)]
Z_dad = [1, 3, 5]
Y_dad = [10]
X_dad = []
Z_da-ad = [6, 11, 14]
Y_da-ad = [1]
X_da-ad = []
