no              #fail
3.332           #totTm
0.438           #lastADTm
5               #itDAD
0.000           #avItADGoal
0               #itADOpt
19              #opt
19              #optDA-AD
1.669           #tmDA
0.0             #relGain

V = [1, 2, 3, 4, 5, 6, 7, 8, 9, 10, 11, 12, 13, 14, 15, 16, 17, 18, 19, 20]
A = [(2, 3), (3, 2), (2, 18), (18, 2), (3, 11), (11, 3), (4, 10), (10, 4), (6, 8), (8, 6), (9, 13), (13, 9), (9, 19), (19, 9), (12, 13), (13, 12), (12, 14), (14, 12)]
Z_dad = [1, 5, 7]
Y_dad = [15]
X_dad = []
Z_da-ad = [2, 9, 14]
Y_da-ad = [1]
X_da-ad = []
