no              #fail
4.123           #totTm
0.448           #lastADTm
5               #itDAD
0.000           #avItADGoal
0               #itADOpt
19              #opt
19              #optDA-AD
1.492           #tmDA
0.0             #relGain

V = [1, 2, 3, 4, 5, 6, 7, 8, 9, 10, 11, 12, 13, 14, 15, 16, 17, 18, 19, 20]
A = [(1, 20), (20, 1), (2, 10), (10, 2), (3, 6), (6, 3), (3, 15), (15, 3), (4, 5), (5, 4), (4, 13), (13, 4), (6, 20), (20, 6), (13, 18), (18, 13), (14, 20), (20, 14)]
Z_dad = [7, 8, 9]
Y_dad = [11]
X_dad = []
Z_da-ad = [3, 4, 20]
Y_da-ad = [1]
X_da-ad = []
