no              #fail
3.404           #totTm
0.486           #lastADTm
5               #itDAD
0.000           #avItADGoal
0               #itADOpt
19              #opt
19              #optDA-AD
1.278           #tmDA
0.0             #relGain

V = [1, 2, 3, 4, 5, 6, 7, 8, 9, 10, 11, 12, 13, 14, 15, 16, 17, 18, 19, 20]
A = [(2, 9), (9, 2), (2, 11), (11, 2), (2, 12), (12, 2), (5, 6), (6, 5), (5, 17), (17, 5), (6, 16), (16, 6), (6, 20), (20, 6), (7, 8), (8, 7), (16, 17), (17, 16)]
Z_dad = [1, 3, 4]
Y_dad = [10]
X_dad = []
Z_da-ad = [2, 5, 6]
Y_da-ad = [1]
X_da-ad = []
