no              #fail
3.136           #totTm
0.418           #lastADTm
5               #itDAD
0.000           #avItADGoal
0               #itADOpt
19              #opt
19              #optDA-AD
2.164           #tmDA
0.0             #relGain

V = [1, 2, 3, 4, 5, 6, 7, 8, 9, 10, 11, 12, 13, 14, 15, 16, 17, 18, 19, 20]
A = [(2, 3), (3, 2), (2, 13), (13, 2), (2, 19), (19, 2), (3, 9), (9, 3), (5, 20), (20, 5), (6, 13), (13, 6), (14, 17), (17, 14), (16, 20), (20, 16), (19, 20), (20, 19)]
Z_dad = [1, 4, 7]
Y_dad = [8]
X_dad = []
Z_da-ad = [2, 9, 20]
Y_da-ad = [1]
X_da-ad = []
