no              #fail
3.593           #totTm
0.459           #lastADTm
5               #itDAD
0.000           #avItADGoal
0               #itADOpt
19              #opt
19              #optDA-AD
1.663           #tmDA
0.0             #relGain

V = [1, 2, 3, 4, 5, 6, 7, 8, 9, 10, 11, 12, 13, 14, 15, 16, 17, 18, 19, 20]
A = [(1, 16), (16, 1), (4, 14), (14, 4), (4, 20), (20, 4), (5, 6), (6, 5), (6, 10), (10, 6), (6, 13), (13, 6), (8, 11), (11, 8), (8, 18), (18, 8), (8, 19), (19, 8)]
Z_dad = [2, 3, 7]
Y_dad = [9]
X_dad = []
Z_da-ad = [4, 6, 8]
Y_da-ad = [1]
X_da-ad = [16]
