no              #fail
3.307           #totTm
0.474           #lastADTm
5               #itDAD
0.000           #avItADGoal
0               #itADOpt
19              #opt
19              #optDA-AD
1.22            #tmDA
0.0             #relGain

V = [1, 2, 3, 4, 5, 6, 7, 8, 9, 10, 11, 12, 13, 14, 15, 16, 17, 18, 19, 20]
A = [(1, 18), (18, 1), (4, 7), (7, 4), (5, 12), (12, 5), (6, 16), (16, 6), (7, 19), (19, 7), (8, 18), (18, 8), (13, 17), (17, 13), (13, 20), (20, 13), (14, 17), (17, 14)]
Z_dad = [2, 3, 9]
Y_dad = [10]
X_dad = []
Z_da-ad = [1, 4, 13]
Y_da-ad = [2]
X_da-ad = []
