no              #fail
3.232           #totTm
0.270           #lastADTm
5               #itDAD
0.000           #avItADGoal
0               #itADOpt
19              #opt
19              #optDA-AD
1.319           #tmDA
0.0             #relGain

V = [1, 2, 3, 4, 5, 6, 7, 8, 9, 10, 11, 12, 13, 14, 15, 16, 17, 18, 19, 20]
A = [(2, 7), (7, 2), (5, 14), (14, 5), (5, 19), (19, 5), (6, 19), (19, 6), (7, 17), (17, 7), (9, 11), (11, 9), (9, 14), (14, 9), (9, 18), (18, 9), (16, 17), (17, 16)]
Z_dad = [1, 3, 4]
Y_dad = [8]
X_dad = []
Z_da-ad = [5, 7, 9]
Y_da-ad = [1]
X_da-ad = []
