no              #fail
2.916           #totTm
0.468           #lastADTm
5               #itDAD
0.000           #avItADGoal
0               #itADOpt
19              #opt
19              #optDA-AD
1.1             #tmDA
0.0             #relGain

V = [1, 2, 3, 4, 5, 6, 7, 8, 9, 10, 11, 12, 13, 14, 15, 16, 17, 18, 19, 20]
A = [(1, 4), (4, 1), (1, 5), (5, 1), (3, 6), (6, 3), (3, 18), (18, 3), (6, 12), (12, 6), (7, 9), (9, 7), (10, 14), (14, 10), (11, 16), (16, 11), (12, 16), (16, 12)]
Z_dad = [2, 8, 13]
Y_dad = [15]
X_dad = []
Z_da-ad = [1, 3, 16]
Y_da-ad = [2]
X_da-ad = []
