no              #fail
3.654           #totTm
0.364           #lastADTm
5               #itDAD
0.000           #avItADGoal
0               #itADOpt
19              #opt
19              #optDA-AD
0.884           #tmDA
0.0             #relGain

V = [1, 2, 3, 4, 5, 6, 7, 8, 9, 10, 11, 12, 13, 14, 15, 16, 17, 18, 19, 20]
A = [(4, 14), (14, 4), (5, 6), (6, 5), (5, 8), (8, 5), (5, 17), (17, 5), (6, 13), (13, 6), (7, 15), (15, 7), (8, 14), (14, 8), (11, 13), (13, 11), (12, 16), (16, 12)]
Z_dad = [1, 2, 3]
Y_dad = [9]
X_dad = []
Z_da-ad = [4, 5, 6]
Y_da-ad = [1]
X_da-ad = []
