no              #fail
3.540           #totTm
0.431           #lastADTm
5               #itDAD
0.000           #avItADGoal
0               #itADOpt
19              #opt
19              #optDA-AD
1.328           #tmDA
0.0             #relGain

V = [1, 2, 3, 4, 5, 6, 7, 8, 9, 10, 11, 12, 13, 14, 15, 16, 17, 18, 19, 20]
A = [(1, 8), (8, 1), (2, 4), (4, 2), (2, 8), (8, 2), (3, 15), (15, 3), (6, 14), (14, 6), (9, 19), (19, 9), (9, 20), (20, 9), (14, 20), (20, 14), (17, 19), (19, 17)]
Z_dad = [5, 7, 10]
Y_dad = [11]
X_dad = []
Z_da-ad = [8, 14, 19]
Y_da-ad = [1]
X_da-ad = []
