no              #fail
3.370           #totTm
0.358           #lastADTm
5               #itDAD
0.000           #avItADGoal
0               #itADOpt
19              #opt
19              #optDA-AD
1.684           #tmDA
0.0             #relGain

V = [1, 2, 3, 4, 5, 6, 7, 8, 9, 10, 11, 12, 13, 14, 15, 16, 17, 18, 19, 20]
A = [(3, 7), (7, 3), (3, 20), (20, 3), (4, 6), (6, 4), (4, 13), (13, 4), (7, 17), (17, 7), (8, 17), (17, 8), (9, 13), (13, 9), (12, 13), (13, 12), (13, 19), (19, 13)]
Z_dad = [1, 2, 13]
Y_dad = [5]
X_dad = []
Z_da-ad = [3, 13, 17]
Y_da-ad = [1]
X_da-ad = [4, 6]
