no              #fail
3.492           #totTm
0.456           #lastADTm
5               #itDAD
0.000           #avItADGoal
0               #itADOpt
19              #opt
19              #optDA-AD
1.349           #tmDA
0.0             #relGain

V = [1, 2, 3, 4, 5, 6, 7, 8, 9, 10, 11, 12, 13, 14, 15, 16, 17, 18, 19, 20]
A = [(1, 10), (10, 1), (1, 12), (12, 1), (2, 3), (3, 2), (2, 9), (9, 2), (2, 14), (14, 2), (6, 11), (11, 6), (6, 18), (18, 6), (7, 17), (17, 7), (13, 18), (18, 13)]
Z_dad = [4, 5, 8]
Y_dad = [15]
X_dad = []
Z_da-ad = [1, 2, 6]
Y_da-ad = [3]
X_da-ad = []
