no              #fail
2.646           #totTm
0.269           #lastADTm
5               #itDAD
0.000           #avItADGoal
0               #itADOpt
19              #opt
19              #optDA-AD
1.132           #tmDA
0.0             #relGain

V = [1, 2, 3, 4, 5, 6, 7, 8, 9, 10, 11, 12, 13, 14, 15, 16, 17, 18, 19, 20]
A = [(3, 7), (7, 3), (4, 8), (8, 4), (4, 15), (15, 4), (5, 8), (8, 5), (5, 12), (12, 5), (8, 17), (17, 8), (8, 19), (19, 8), (10, 20), (20, 10), (11, 19), (19, 11)]
Z_dad = [1, 2, 8]
Y_dad = [6]
X_dad = []
Z_da-ad = [4, 5, 8]
Y_da-ad = [1]
X_da-ad = []
