no              #fail
3.405           #totTm
0.494           #lastADTm
5               #itDAD
0.000           #avItADGoal
0               #itADOpt
19              #opt
19              #optDA-AD
1.391           #tmDA
0.0             #relGain

V = [1, 2, 3, 4, 5, 6, 7, 8, 9, 10, 11, 12, 13, 14, 15, 16, 17, 18, 19, 20]
A = [(1, 11), (11, 1), (2, 5), (5, 2), (5, 15), (15, 5), (6, 9), (9, 6), (8, 15), (15, 8), (8, 19), (19, 8), (9, 13), (13, 9), (11, 13), (13, 11), (12, 17), (17, 12)]
Z_dad = [3, 4, 7]
Y_dad = [10]
X_dad = []
Z_da-ad = [1, 9, 15]
Y_da-ad = [3]
X_da-ad = []
