no              #fail
3.247           #totTm
0.472           #lastADTm
5               #itDAD
0.000           #avItADGoal
0               #itADOpt
19              #opt
19              #optDA-AD
1.018           #tmDA
0.0             #relGain

V = [1, 2, 3, 4, 5, 6, 7, 8, 9, 10, 11, 12, 13, 14, 15, 16, 17, 18, 19, 20]
A = [(1, 5), (5, 1), (1, 8), (8, 1), (1, 14), (14, 1), (4, 20), (20, 4), (5, 6), (6, 5), (8, 9), (9, 8), (8, 10), (10, 8), (11, 15), (15, 11), (14, 20), (20, 14)]
Z_dad = [2, 3, 7]
Y_dad = [12]
X_dad = []
Z_da-ad = [1, 8, 20]
Y_da-ad = [2]
X_da-ad = []
